0 0.44775 0.55935 0.122182 0.363677 0.919434
28 0.428793 0.85835 0.111123 0.282814 0.91154
0 0.567927 0.57136 0.13885 0.345605 0.901644
28 0.703611 0.893252 0.120697 0.211772 0.874629
28 0.786984 0.919796 0.0904385 0.159207 0.852202
28 0.349662 0.884411 0.0643078 0.21821 0.819462
28 0.544447 0.854311 0.138659 0.288567 0.796807
28 0.357795 0.72515 0.0940528 0.123996 0.477479
2 0.839782 0.491815 0.137056 0.074864 0.46964
2 0.36601 0.48202 0.0758357 0.054419 0.446898
2 0.331333 0.483363 0.0489946 0.0542669 0.369768
28 0.601685 0.929241 0.0841198 0.140563 0.327767
28 0.632818 0.861936 0.157862 0.272845 0.298438
