0 0.662193 0.505935 0.317295 0.710191 0.900797
0 0.49548 0.519815 0.261038 0.700694 0.871108
0 0.227582 0.25239 0.132564 0.496228 0.798769
14 0.0578926 0.907598 0.0986617 0.12238 0.730131
0 0.349417 0.268275 0.15098 0.52338 0.718584
14 0.313884 0.855288 0.102917 0.0957008 0.695599
0 0.514131 0.170612 0.250996 0.336996 0.686878
14 0.299471 0.857039 0.0713533 0.0968372 0.515672
13 0.49305 0.552417 0.828975 0.61672 0.448788
58 0.148463 0.668108 0.296702 0.341539 0.373111
58 0.147908 0.614297 0.295107 0.236208 0.368272
0 0.831039 0.166182 0.0738527 0.269099 0.35513
73 0.672207 0.515414 0.11093 0.157771 0.262952
