0 0.467601 0.539964 0.384572 0.878902 0.787825
0 0.802538 0.444777 0.389741 0.527661 0.742252
0 0.636773 0.163003 0.16574 0.170463 0.716244
0 0.905562 0.254006 0.188376 0.499629 0.704923
0 0.870388 0.33706 0.0948558 0.162646 0.52708
7 0.5 0.50255 1 0.923734 0.327545
0 0.942526 0.30103 0.114385 0.394864 0.303652
0 0.740521 0.305015 0.219181 0.252146 0.285462
36 0.463656 0.513441 0.37728 0.80888 0.279813
7 0.502834 0.661541 0.994332 0.676515 0.268359
0 0.140162 0.219373 0.115675 0.0315017 0.263771
