0 0.453368 0.270868 0.101141 0.252843 0.892638
26 0.0641565 0.335317 0.128313 0.206765 0.865825
0 0.33892 0.289486 0.129815 0.306921 0.862833
0 0.058604 0.397898 0.117208 0.479747 0.859021
0 0.749377 0.502932 0.290234 0.842894 0.849603
28 0.52405 0.340199 0.110597 0.132073 0.797351
24 0.477953 0.562865 0.249031 0.251254 0.662372
28 0.4633 0.794525 0.268849 0.393219 0.55336
26 0.256765 0.277424 0.0453757 0.0924792 0.336805
28 0.229287 0.417496 0.154358 0.0897948 0.294786
28 0.468533 0.719417 0.277985 0.54674 0.288397
26 0.263749 0.251882 0.0605546 0.137748 0.258925
