0 0.693688 0.801999 0.0576519 0.244729 0.843891
0 0.643954 0.780732 0.0392849 0.201437 0.732705
0 0.618213 0.811477 0.031879 0.135387 0.658772
0 0.331498 0.57321 0.0136301 0.0489628 0.656769
1 0.948511 0.857234 0.101984 0.275218 0.607366
0 0.589249 0.758863 0.0332216 0.159077 0.601501
0 0.768261 0.847619 0.0539193 0.227402 0.593235
0 0.436029 0.686677 0.0196747 0.0889607 0.544594
0 0.459867 0.729258 0.026166 0.0762897 0.529279
0 0.254842 0.525311 0.011237 0.0317901 0.527122
0 0.864989 0.824738 0.0346203 0.125276 0.46455
0 0.830005 0.866197 0.0630846 0.253759 0.386029
0 0.608862 0.717104 0.0209054 0.0771727 0.350441
0 0.234105 0.50418 0.0110621 0.0333844 0.349055
0 0.746633 0.833832 0.0356132 0.225014 0.318664
