2 0.5148 0.889201 0.313055 0.221096 0.916136
0 0.687749 0.858266 0.0624872 0.283188 0.853755
0 0.877309 0.932673 0.0780243 0.133691 0.823712
0 0.811885 0.9101 0.0628153 0.178738 0.80969
0 0.261076 0.861149 0.0725079 0.234167 0.785482
0 0.972644 0.948897 0.0537243 0.101356 0.757136
6 0.534553 0.653409 0.927491 0.227662 0.727589
2 0.108446 0.860611 0.215602 0.277794 0.719925
2 0.352608 0.864488 0.115688 0.116545 0.578327
2 0.342674 0.807788 0.122146 0.130836 0.548904
0 0.636388 0.830322 0.085004 0.237382 0.48715
2 0.579042 0.771626 0.0581079 0.0350193 0.447942
0 0.358272 0.722574 0.0273368 0.0509633 0.278989
