0 0.846173 0.57622 0.0867218 0.321634 0.892066
0 0.20817 0.659548 0.119834 0.455853 0.858826
0 0.276093 0.622536 0.0906268 0.456321 0.835667
5 0.564 0.446532 0.420964 0.39423 0.796463
0 0.0939123 0.672054 0.105271 0.49628 0.781158
0 0.160976 0.566111 0.0764866 0.374943 0.720789
0 0.162345 0.347112 0.0812328 0.200344 0.713372
5 0.175406 0.41782 0.349087 0.785895 0.632643
26 0.878678 0.554353 0.0425991 0.13042 0.423508
0 0.807971 0.466456 0.0268769 0.0971545 0.399086
26 0.124379 0.764177 0.0674707 0.114005 0.393723
26 0.247251 0.684686 0.0578973 0.134401 0.34511
2 0.767885 0.460152 0.0564373 0.109429 0.308129
0 0.359766 0.502171 0.0156836 0.0811821 0.302491
2 0.343557 0.456454 0.0388611 0.0578943 0.272647
0 0.886705 0.466358 0.0310749 0.09709 0.258171
