0 0.880942 0.753532 0.174903 0.32745 0.912354
0 0.554188 0.764009 0.222992 0.245699 0.908434
2 0.332191 0.676215 0.135666 0.0571695 0.733231
0 0.434975 0.712635 0.0788864 0.147415 0.713595
28 0.710791 0.806766 0.13209 0.227416 0.648668
2 0.791893 0.668879 0.0633144 0.056654 0.588449
0 0.141038 0.657216 0.0320702 0.0543635 0.571783
2 0.577133 0.653734 0.0722332 0.0274155 0.472207
2 0.480876 0.653758 0.0822865 0.0404016 0.447144
2 0.68846 0.645569 0.068182 0.0295814 0.406674
2 0.59161 0.654532 0.0439691 0.0259758 0.384767
28 0.717328 0.855575 0.117032 0.131079 0.38323
0 0.228091 0.674224 0.0475376 0.0801395 0.366373
0 0.214377 0.653567 0.0291662 0.0404291 0.336813
2 0.566601 0.653265 0.0946745 0.0304483 0.316351
0 0.107908 0.651912 0.0241701 0.0281565 0.302171
2 0.392574 0.674569 0.0644018 0.0301309 0.285243
2 0.490724 0.654792 0.0614871 0.0368593 0.279077
2 0.46336 0.653509 0.107346 0.0398584 0.258179
0 0.181877 0.659215 0.0293927 0.0331097 0.255763
