0 0.892611 0.596015 0.214591 0.640277 0.945211
0 0.314731 0.574104 0.30914 0.739583 0.913628
0 0.712659 0.672181 0.289167 0.420871 0.909831
35 0.604932 0.683974 0.0720236 0.0862417 0.86044
0 0.919667 0.157907 0.121808 0.315465 0.845354
34 0.277688 0.156069 0.126387 0.171249 0.843471
0 0.561225 0.12696 0.106841 0.251978 0.835619
0 0.658764 0.130632 0.125659 0.259657 0.730964
0 0.79674 0.137039 0.130673 0.274077 0.729128
0 0.494651 0.0889854 0.103561 0.176704 0.596069
0 0.453749 0.121168 0.0954991 0.236225 0.422312
