0 0.367722 0.26498 0.0651296 0.12927 0.742957
30 0.351765 0.215715 0.0981904 0.133799 0.740189
0 0.550052 0.371393 0.11165 0.153429 0.653291
0 0.540207 0.848398 0.0505242 0.0760928 0.586565
33 0.859634 0.400082 0.0885963 0.0931657 0.535986
0 0.465471 0.846836 0.0417597 0.0735399 0.505868
0 0.364249 0.859951 0.0156592 0.0238421 0.488915
0 0.35206 0.955806 0.0510616 0.0840106 0.467554
0 0.491305 0.848765 0.0394077 0.0710244 0.466271
0 0.24536 0.859989 0.0346174 0.075934 0.460904
0 0.300603 0.849473 0.0675736 0.0994048 0.45764
0 0.609158 0.844343 0.03175 0.0512959 0.345002
0 0.21274 0.826756 0.0456759 0.0699088 0.333649
0 0.427911 0.841144 0.0270021 0.0386974 0.329401
0 0.497599 0.846899 0.0241053 0.0686035 0.316811
0 0.616698 0.844828 0.0459892 0.052806 0.298376
0 0.238228 0.858423 0.0474818 0.0763908 0.297169
0 0.63553 0.850253 0.0838081 0.0637157 0.252458
