77 0.912003 0.784064 0.174982 0.409076 0.880485
0 0.105806 0.744481 0.0678639 0.156745 0.716485
0 0.0358225 0.757781 0.0677148 0.155419 0.637384
0 0.0233502 0.608847 0.0427257 0.138194 0.558163
0 0.351168 0.657558 0.0397401 0.196806 0.482153
74 0.331091 0.334821 0.0389414 0.0627197 0.466961
77 0.863423 0.525545 0.0734623 0.152514 0.369141
77 0.701456 0.4091 0.0614021 0.139423 0.355623
0 0.0226178 0.669647 0.0443423 0.261677 0.349257
0 0.212992 0.583127 0.0290478 0.0872859 0.308932
0 0.148228 0.688145 0.0237618 0.160071 0.297559
0 0.274116 0.67272 0.0261003 0.171869 0.280528
77 0.914042 0.518078 0.0735662 0.137631 0.27963
0 0.421611 0.58445 0.0335525 0.130882 0.278115
77 0.534761 0.613213 0.244999 0.646021 0.2527
