25 0.296452 0.490394 0.0855902 0.421869 0.689325
25 0.260338 0.52221 0.111092 0.438517 0.562524
25 0.272585 0.507264 0.0819344 0.44916 0.545398
75 0.694334 0.67021 0.0676685 0.13983 0.512001
75 0.62197 0.643889 0.0570292 0.154573 0.479777
14 0.211138 0.88053 0.169796 0.121238 0.470984
25 0.223195 0.416277 0.0462388 0.213368 0.435549
25 0.816644 0.676476 0.0359045 0.467472 0.43161
25 0.301962 0.549286 0.0743951 0.274611 0.391084
25 0.240385 0.511427 0.072684 0.419783 0.378376
25 0.178793 0.400265 0.061208 0.248458 0.309429
25 0.22544 0.489145 0.048354 0.383694 0.302868
25 0.352351 0.53074 0.0519461 0.297701 0.295738
25 0.317688 0.480492 0.051971 0.399695 0.273574
25 0.412636 0.459553 0.0835023 0.407134 0.270691
25 0.90734 0.703224 0.0395397 0.372712 0.257809
25 0.35293 0.431257 0.042815 0.427076 0.255077
