0 0.197896 0.842883 0.215821 0.304137 0.887196
0 0.862441 0.36137 0.175805 0.412839 0.857505
0 0.77165 0.701434 0.162751 0.413899 0.852056
0 0.382277 0.350637 0.135484 0.387495 0.811131
0 0.147651 0.241467 0.156989 0.471581 0.809379
60 0.397165 0.781164 0.383479 0.430863 0.806742
0 0.242045 0.252949 0.14668 0.502076 0.783689
0 0.58534 0.750048 0.19779 0.49098 0.767793
0 0.298282 0.615432 0.142074 0.388478 0.72715
0 0.948292 0.493245 0.102603 0.810103 0.715073
0 0.364618 0.142512 0.0742632 0.204827 0.585243
0 0.699267 0.128424 0.0733962 0.246053 0.568125
0 0.722819 0.493548 0.109178 0.282945 0.533301
0 0.567771 0.179494 0.0979292 0.266284 0.52168
0 0.735829 0.205693 0.0605146 0.165439 0.493111
41 0.392736 0.767015 0.033943 0.089052 0.4833
0 0.788673 0.328991 0.074085 0.215865 0.44887
0 0.561889 0.842557 0.145355 0.310024 0.383502
53 0.393831 0.669439 0.0404117 0.0647914 0.365703
53 0.547016 0.617588 0.0668247 0.0517342 0.347907
41 0.675536 0.37531 0.0184025 0.0410557 0.342867
0 0.950352 0.673561 0.0982321 0.449583 0.33431
0 0.565609 0.271782 0.0885099 0.0960712 0.312925
0 0.621762 0.176433 0.0616876 0.24352 0.278475
0 0.703139 0.296961 0.0712229 0.121188 0.276401
60 0.647287 0.40141 0.106136 0.267826 0.269093
53 0.482331 0.769015 0.0420312 0.0846386 0.262785
