5 0.833822 0.574457 0.332355 0.473997 0.929447
0 0.865326 0.728276 0.0629328 0.27643 0.863464
0 0.93808 0.753614 0.077108 0.312224 0.862347
0 0.735974 0.705133 0.045039 0.217792 0.824811
2 0.647681 0.659626 0.0598631 0.0526266 0.727609
0 0.513903 0.685186 0.0335897 0.136519 0.654427
2 0.60578 0.656419 0.0417089 0.0452719 0.600177
2 0.541047 0.644942 0.031456 0.0418545 0.540717
2 0.575985 0.654435 0.0284138 0.0416274 0.45227
2 0.487032 0.652388 0.0359812 0.0670336 0.448615
0 0.444939 0.658676 0.0171025 0.0644629 0.393542
26 0.902663 0.745919 0.0265965 0.0720235 0.34558
