2 0.14648 0.867832 0.29296 0.168669 0.901721
0 0.93514 0.815109 0.114167 0.156734 0.760111
9 0.819318 0.475119 0.0587091 0.112219 0.741841
2 0.897833 0.742685 0.116245 0.0369249 0.571174
2 0.736084 0.777093 0.0705291 0.0927748 0.570862
9 0.810651 0.566865 0.049498 0.067185 0.543355
0 0.578213 0.765702 0.0759204 0.101999 0.50061
2 0.82721 0.790014 0.167229 0.0888301 0.448681
2 0.977522 0.745835 0.0440223 0.0320622 0.385067
0 0.563494 0.770736 0.0485178 0.0929234 0.350074
9 0.262733 0.157591 0.144548 0.312296 0.339391
0 0.603296 0.777329 0.0320427 0.0739832 0.337842
0 0.534203 0.755291 0.0256838 0.0687559 0.303561
2 0.863001 0.791025 0.0963232 0.0859767 0.297448
1 0.952915 0.854685 0.0546779 0.0876707 0.259055
