0 0.447636 0.473147 0.629891 0.511378 0.884628
41 0.0535888 0.631643 0.106958 0.254692 0.834133
0 0.704698 0.329255 0.368579 0.554301 0.703182
42 0.327193 0.762124 0.344656 0.135818 0.676151
56 0.185065 0.562563 0.199111 0.242854 0.487146
45 0.846727 0.949799 0.304838 0.0996122 0.419882
56 0.184474 0.524076 0.197591 0.16579 0.406873
0 0.704211 0.204622 0.358869 0.303106 0.391393
56 0.721513 0.516883 0.126617 0.126832 0.358979
53 0.500677 0.670596 0.325968 0.218583 0.315005
41 0.84651 0.949574 0.305721 0.100027 0.289943
56 0.436537 0.188017 0.125545 0.094683 0.271209
