0 0.653194 0.603544 0.318276 0.551984 0.954018
0 0.0914568 0.592985 0.182472 0.555715 0.9151
0 0.24924 0.682545 0.313277 0.391732 0.913422
0 0.95497 0.494777 0.0892475 0.472249 0.874523
0 0.749561 0.520214 0.103706 0.424887 0.836076
0 0.902627 0.578587 0.113455 0.33184 0.831099
0 0.526531 0.580372 0.10749 0.331593 0.797861
0 0.458521 0.494574 0.0989433 0.475419 0.766018
0 0.388582 0.505389 0.120476 0.489969 0.699162
0 0.649265 0.338093 0.0788365 0.147277 0.598528
0 0.552628 0.380086 0.0922194 0.191813 0.556933
0 0.70505 0.362804 0.041028 0.125489 0.490656
