2 0.896705 0.792361 0.205257 0.404007 0.892161
2 0.0666486 0.539977 0.133297 0.214528 0.88048
7 0.510181 0.521196 0.765459 0.807618 0.835049
5 0.0711729 0.397305 0.141572 0.112276 0.808543
0 0.877422 0.445564 0.0223591 0.100786 0.698928
0 0.855971 0.437617 0.0234179 0.0806286 0.559533
9 0.879166 0.275399 0.0334993 0.0817753 0.470907
0 0.929833 0.436023 0.0218399 0.0891755 0.433111
0 0.977619 0.452502 0.0439121 0.137238 0.417728
0 0.964317 0.462544 0.0216894 0.10518 0.394388
0 0.980449 0.451141 0.0312498 0.129712 0.364994
9 0.269481 0.143004 0.027508 0.0791681 0.33424
