2 0.693607 0.407314 0.130721 0.0884678 0.880513
2 0.752877 0.839291 0.493763 0.300273 0.874683
0 0.522878 0.427104 0.0819695 0.332825 0.867765
1 0.903086 0.417602 0.0763746 0.0704552 0.787411
0 0.0413057 0.352162 0.0560624 0.175272 0.756542
2 0.304989 0.363502 0.0679976 0.0654606 0.704292
2 0.232363 0.369739 0.039153 0.0307424 0.581234
9 0.286941 0.184221 0.0140591 0.0438586 0.55551
0 0.906794 0.394754 0.0399082 0.0954264 0.513443
2 0.226965 0.3682 0.0506897 0.0340362 0.411863
26 0.0271596 0.358721 0.0290691 0.0916692 0.355337
9 0.401769 0.0933999 0.0288397 0.0757971 0.346905
0 0.944542 0.386868 0.0103798 0.0288806 0.325925
