5 0.387124 0.469523 0.472722 0.702461 0.935549
2 0.739814 0.471252 0.287811 0.186532 0.859544
2 0.0187766 0.566466 0.0373596 0.12386 0.822118
2 0.974788 0.437213 0.0495155 0.165297 0.751428
9 0.57647 0.111213 0.0404081 0.166309 0.633302
2 0.0558526 0.521708 0.0582439 0.145279 0.614039
0 0.84511 0.378851 0.020797 0.0688691 0.598767
0 0.765187 0.360904 0.0231654 0.0426075 0.579729
9 0.873028 0.0534684 0.0624748 0.105685 0.575934
2 0.0209009 0.49371 0.0416415 0.0782126 0.474625
9 0.882649 0.0523854 0.0420555 0.103526 0.366613
9 0.0196072 0.375131 0.0127744 0.0431025 0.337232
0 0.862204 0.374371 0.0272604 0.0872643 0.31358
2 0.110705 0.521092 0.123115 0.14972 0.293079
0 0.66875 0.376757 0.016053 0.0279457 0.288794
