3 0.532192 0.624985 0.0993149 0.25332 0.801468
3 0.873776 0.556091 0.0888144 0.171703 0.777994
0 0.689738 0.511955 0.0330833 0.223584 0.765026
0 0.138124 0.57722 0.0755176 0.378777 0.756264
0 0.722526 0.51976 0.0335545 0.263136 0.731976
3 0.358491 0.619711 0.130134 0.198254 0.693036
0 0.775628 0.489474 0.0339727 0.202245 0.66581
0 0.872304 0.488347 0.0601877 0.188674 0.628261
3 0.468243 0.598838 0.0751549 0.192818 0.593224
3 0.138874 0.642918 0.111434 0.270332 0.586015
0 0.974622 0.464766 0.0342018 0.245332 0.580778
3 0.214397 0.644241 0.0687475 0.200776 0.566256
0 0.537432 0.567355 0.0593302 0.284629 0.528146
0 0.746463 0.499 0.0227076 0.212608 0.518725
0 0.926465 0.453053 0.0266018 0.203204 0.509486
3 0.606588 0.57841 0.0799097 0.158151 0.504816
3 0.811487 0.511544 0.0544792 0.134067 0.503972
3 0.0538201 0.636472 0.0859243 0.302126 0.502081
3 0.101914 0.637474 0.181289 0.297316 0.418995
0 0.103324 0.532714 0.0328061 0.234399 0.403398
0 0.493638 0.490981 0.0341055 0.104405 0.379955
0 0.102648 0.483875 0.0297979 0.136842 0.359161
3 0.796796 0.512921 0.0848089 0.151447 0.330894
3 0.648913 0.56288 0.0581665 0.142843 0.301169
