0 0.375415 0.840654 0.0517587 0.226584 0.866075
14 0.718558 0.33403 0.0633547 0.0680387 0.412491
14 0.081559 0.341017 0.0490882 0.0456834 0.410981
14 0.353943 0.648766 0.0400709 0.039926 0.402488
14 0.443227 0.4126 0.0819962 0.0470261 0.387069
14 0.782355 0.286493 0.0587508 0.0307442 0.353487
14 0.494716 0.477234 0.0639675 0.0415425 0.348098
14 0.988933 0.367521 0.0213562 0.058004 0.317018
14 0.182694 0.525351 0.0397513 0.0319512 0.307458
14 0.952886 0.357879 0.0258469 0.0379057 0.305096
14 0.28518 0.565467 0.0380452 0.051197 0.298423
14 0.325601 0.294498 0.0532396 0.0481241 0.284616
14 0.647057 0.173624 0.0558083 0.0308924 0.284464
14 0.587578 0.248897 0.0303911 0.0281047 0.278745
14 0.707138 0.706738 0.0375139 0.0508354 0.262711
14 0.436067 0.676305 0.0273335 0.035705 0.251906
