0 0.375229 0.582214 0.488368 0.828231 0.935287
40 0.30916 0.669244 0.0995548 0.30693 0.894911
0 0.791981 0.498292 0.412033 0.996585 0.8698
0 0.168822 0.433199 0.227787 0.49875 0.868828
40 0.464705 0.637565 0.118229 0.24163 0.816524
40 0.0152199 0.665163 0.030338 0.180249 0.780836
0 0.0554063 0.342168 0.110492 0.257569 0.754926
41 0.0353936 0.533492 0.0705868 0.143055 0.634553
60 0.1055 0.774384 0.209703 0.448537 0.632673
0 0.25973 0.307238 0.0642123 0.168511 0.625517
41 0.015733 0.665517 0.0311878 0.177218 0.310489
56 0.316333 0.449561 0.0697225 0.0911723 0.27883
27 0.678751 0.499376 0.193842 0.259115 0.255599
