0 0.717324 0.64489 0.124929 0.578485 0.889975
0 0.123337 0.470242 0.0706059 0.34088 0.861796
0 0.26065 0.429813 0.07977 0.276009 0.782921
0 0.426573 0.38155 0.0283245 0.119294 0.780823
0 0.938418 0.402587 0.04319 0.213738 0.722835
2 0.382329 0.370501 0.0510108 0.070727 0.677267
2 0.194823 0.355124 0.0623469 0.0493656 0.624011
0 0.475726 0.377424 0.020282 0.0943607 0.529198
16 0.175724 0.522451 0.0601213 0.151284 0.354637
26 0.24098 0.471755 0.0230319 0.045918 0.302365
0 0.4547 0.363948 0.0153042 0.0708577 0.255151
