2 0.562529 0.855581 0.111059 0.0771691 0.89396
2 0.651282 0.849029 0.0849325 0.0582986 0.833993
2 0.407352 0.83053 0.0515833 0.0403989 0.692983
2 0.364638 0.821973 0.0245869 0.0217849 0.679517
0 0.193821 0.830669 0.017637 0.0424812 0.677291
7 0.858787 0.883709 0.282152 0.211332 0.624935
5 0.522407 0.792602 0.0927481 0.0634179 0.57041
2 0.859103 0.883548 0.281048 0.21077 0.559274
2 0.360128 0.821236 0.0311646 0.0217032 0.541123
0 0.246503 0.828466 0.0126671 0.038153 0.308575
0 0.254108 0.829913 0.00915737 0.0387421 0.27876
0 0.261654 0.830087 0.0127114 0.0381484 0.261351
