13 0.476742 0.719768 0.224081 0.18952 0.873912
0 0.73168 0.564188 0.05504 0.201161 0.820147
0 0.927202 0.525168 0.0205559 0.0764611 0.756761
13 0.81299 0.640177 0.104621 0.0876212 0.67593
0 0.946807 0.5224 0.0201326 0.0798258 0.663764
0 0.808881 0.512218 0.0184374 0.0777487 0.55383
0 0.947767 0.510448 0.0228891 0.104777 0.543131
13 0.960929 0.597521 0.0656853 0.071095 0.533136
13 0.581821 0.627837 0.11021 0.0542451 0.424927
0 0.84154 0.52196 0.014715 0.0484066 0.424329
13 0.812308 0.619645 0.107858 0.13099 0.292884
