0 0.591108 0.571881 0.486405 0.83933 0.922551
0 0.0648399 0.526515 0.129546 0.908655 0.90367
0 0.20062 0.513726 0.285616 0.944307 0.882192
27 0.514606 0.768809 0.0718905 0.449537 0.866857
2 0.541335 0.660844 0.91717 0.655567 0.559135
2 0.82309 0.659255 0.353144 0.648184 0.555097
0 0.363244 0.245873 0.0765636 0.0974992 0.553093
0 0.71426 0.339488 0.0694536 0.144597 0.503791
2 0.903136 0.839771 0.192799 0.306158 0.429761
2 0.937078 0.223774 0.124924 0.245093 0.380997
2 0.270355 0.662605 0.520249 0.638681 0.289574
2 0.717291 0.660167 0.563907 0.656438 0.261387
