0 0.0521818 0.686215 0.103567 0.347491 0.892819
0 0.242029 0.637975 0.105974 0.308588 0.878969
0 0.419074 0.627552 0.0948681 0.292434 0.876085
9 0.130412 0.276034 0.040641 0.149162 0.851515
9 0.838351 0.24608 0.0477759 0.159497 0.839267
1 0.949748 0.65985 0.0995907 0.150983 0.811679
2 0.349556 0.601195 0.0813116 0.108975 0.791919
0 0.975932 0.608768 0.0473648 0.239346 0.754859
0 0.650196 0.637052 0.117445 0.320821 0.743559
3 0.427278 0.691368 0.0738133 0.188652 0.641939
1 0.751759 0.668348 0.0483137 0.170388 0.630089
0 0.514689 0.566562 0.021386 0.0779325 0.551563
1 0.253803 0.696273 0.0616016 0.209641 0.517904
0 0.742198 0.602753 0.0751128 0.216231 0.517371
0 0.590539 0.628839 0.0616632 0.235261 0.497744
9 0.864706 0.328629 0.0331761 0.114116 0.451346
0 0.569727 0.583366 0.0258375 0.110094 0.397399
0 0.753719 0.612673 0.0471447 0.213904 0.350574
3 0.65418 0.725535 0.0767444 0.194783 0.340179
3 0.64267 0.704677 0.127723 0.231334 0.324703
0 0.729035 0.581243 0.0496923 0.173949 0.315438
