0 0.539498 0.603286 0.2574 0.426438 0.8818
0 0.679211 0.522628 0.13192 0.141695 0.835783
0 0.74046 0.447717 0.117936 0.074795 0.577182
0 0.909437 0.45131 0.126652 0.107999 0.52943
56 0.815247 0.472395 0.0783188 0.0313529 0.488786
0 0.150889 0.180303 0.0948794 0.0926671 0.466113
0 0.734034 0.401487 0.0939178 0.0774987 0.41432
0 0.820284 0.405229 0.0840397 0.069739 0.390216
0 0.0397459 0.199381 0.0793303 0.0631221 0.315298
0 0.512561 0.449097 0.0610314 0.064451 0.271808
0 0.824939 0.360182 0.0786972 0.0763153 0.255734
