0 0.152166 0.655244 0.265813 0.682389 0.887389
0 0.566059 0.628982 0.0767534 0.318823 0.866782
0 0.471508 0.624625 0.0769971 0.304412 0.854656
0 0.795124 0.643215 0.199918 0.702352 0.847678
0 0.404907 0.621484 0.0725019 0.287482 0.846808
0 0.673076 0.620052 0.0566725 0.295174 0.794816
2 0.0204666 0.502792 0.0400647 0.0342764 0.598016
2 0.0758245 0.498318 0.0750206 0.0499299 0.347643
34 0.874532 0.210294 0.225677 0.168566 0.290893
0 0.596797 0.491195 0.0115896 0.0493617 0.274058
0 0.654562 0.501303 0.0230745 0.0675754 0.259182
