63 0.622157 0.804303 0.261831 0.255955 0.906597
0 0.77422 0.674596 0.253007 0.487176 0.856584
0 0.0686585 0.585107 0.135111 0.262879 0.814255
56 0.236677 0.854869 0.470987 0.28838 0.813656
0 0.937201 0.577717 0.125598 0.2334 0.733069
0 0.279624 0.512985 0.343782 0.424187 0.723884
39 0.624855 0.788736 0.0400883 0.127675 0.707699
0 0.856233 0.567847 0.0904949 0.210261 0.656245
0 0.283137 0.426158 0.331194 0.595721 0.587577
0 0.512801 0.630066 0.129644 0.363598 0.577592
63 0.840458 0.696773 0.0840828 0.0819478 0.540475
56 0.905078 0.708919 0.116592 0.218984 0.540336
74 0.298688 0.266377 0.0535641 0.074638 0.498853
56 0.949901 0.780383 0.0993105 0.175184 0.483936
0 0.612446 0.542511 0.0755144 0.162138 0.47434
56 0.575825 0.717827 0.0811762 0.23736 0.449789
63 0.950376 0.880903 0.0983112 0.236588 0.407175
0 0.623075 0.605313 0.101646 0.286913 0.400096
0 0.514777 0.574809 0.127182 0.254451 0.376332
0 0.981254 0.54399 0.0367683 0.116633 0.35703
0 0.919597 0.463211 0.0795307 0.128766 0.341138
0 0.977172 0.549654 0.0454271 0.136404 0.312556
65 0.673923 0.966344 0.106441 0.0437441 0.307609
56 0.0521953 0.749498 0.104032 0.179107 0.288848
66 0.614913 0.883328 0.1121 0.0581401 0.284573
0 0.0319784 0.562579 0.0637444 0.162606 0.284259
56 0.634782 0.676904 0.0791874 0.137365 0.280994
67 0.816418 0.896899 0.0668532 0.0258749 0.268845
56 0.981455 0.519257 0.036097 0.0713389 0.255822
