0 0.325106 0.542111 0.201677 0.74263 0.932896
0 0.456889 0.238308 0.127367 0.475732 0.882717
0 0.594902 0.217108 0.144833 0.430892 0.872697
0 0.726463 0.262008 0.139643 0.52156 0.796953
0 0.904133 0.0926371 0.15466 0.185274 0.773724
0 0.811323 0.177032 0.103424 0.354064 0.717618
0 0.0358487 0.843489 0.0711544 0.307544 0.62246
60 0.892405 0.454288 0.214355 0.558767 0.469617
56 0.892235 0.456301 0.21432 0.559198 0.453913
28 0.417731 0.744561 0.103448 0.391146 0.343306
0 0.0437095 0.112819 0.06632 0.222167 0.273568
0 0.541333 0.0713203 0.0497845 0.142641 0.251394
