1 0.324402 0.815689 0.166275 0.207611 0.907873
1 0.688561 0.797142 0.12115 0.172896 0.907776
0 0.689731 0.706011 0.11673 0.219419 0.88365
0 0.326907 0.741465 0.115375 0.287838 0.857326
2 0.483988 0.762731 0.307323 0.259388 0.842143
2 0.929159 0.663059 0.0788055 0.0938011 0.801519
7 0.525822 0.631002 0.250372 0.16913 0.670968
9 0.339556 0.482212 0.0409804 0.125829 0.655696
9 0.429659 0.548003 0.0305006 0.0576986 0.558108
7 0.137647 0.775433 0.275076 0.222864 0.521443
9 0.383329 0.50462 0.0355165 0.0750401 0.464449
