19 0.694733 0.648411 0.120311 0.329147 0.938611
19 0.561994 0.64413 0.131314 0.350657 0.911496
19 0.273214 0.602744 0.100962 0.300689 0.893259
19 0.145257 0.601431 0.125017 0.306716 0.865767
2 0.411776 0.57679 0.187828 0.237686 0.856961
5 0.201477 0.423396 0.400517 0.214821 0.836592
0 0.893913 0.541479 0.109645 0.274491 0.806623
19 0.214139 0.590612 0.057077 0.293839 0.64198
0 0.853088 0.506134 0.0531124 0.195579 0.63066
2 0.466099 0.452237 0.0551748 0.107566 0.584507
1 0.874375 0.655149 0.174569 0.277658 0.555911
7 0.654956 0.483024 0.332297 0.476637 0.506921
19 0.395504 0.599572 0.0915072 0.24142 0.503237
0 0.631214 0.406731 0.0803745 0.121409 0.403257
