2 0.0736297 0.5769 0.128531 0.0853923 0.814348
2 0.185233 0.550861 0.0750984 0.068617 0.629542
2 0.0228706 0.560133 0.0454435 0.0990072 0.620456
2 0.11663 0.542777 0.0705215 0.0615513 0.566656
2 0.301764 0.536285 0.0479954 0.043654 0.468388
2 0.372081 0.525721 0.0487869 0.0382512 0.428885
2 0.198041 0.548102 0.10296 0.0675105 0.399298
2 0.454058 0.513212 0.0261383 0.021949 0.360046
2 0.2488 0.540174 0.0415406 0.0391749 0.3316
2 0.668443 0.534795 0.033283 0.0468304 0.294826
2 0.0378582 0.577757 0.0671548 0.0832588 0.294361
2 0.514284 0.541719 0.030088 0.0427155 0.289181
2 0.465511 0.541087 0.0381977 0.0335634 0.284181
2 0.417802 0.508852 0.0311026 0.0245109 0.276458
2 0.533841 0.548232 0.0205721 0.0497836 0.274764
