5 0.826594 0.29223 0.345608 0.380424 0.93413
2 0.145075 0.368916 0.274859 0.122489 0.922107
0 0.555098 0.364974 0.0699179 0.117612 0.783438
0 0.678288 0.371786 0.051384 0.119775 0.755719
0 0.421152 0.356415 0.0558179 0.116742 0.747182
0 0.624802 0.372388 0.046425 0.115296 0.74254
0 0.346363 0.346619 0.0454641 0.0986518 0.676358
0 0.377986 0.339396 0.0338156 0.0850645 0.572272
0 0.453596 0.344808 0.0398164 0.101636 0.555881
0 0.0389933 0.316493 0.0344299 0.0509927 0.519195
0 0.0946152 0.300053 0.0278786 0.0280612 0.316434
2 0.124628 0.271389 0.058505 0.0272909 0.283878
0 0.51833 0.354835 0.0361511 0.0877769 0.255586
