2 0.300116 0.677838 0.599609 0.52226 0.919344
2 0.920454 0.576871 0.158031 0.350795 0.873657
0 0.829637 0.473206 0.030032 0.158183 0.707196
0 0.860222 0.445101 0.0280167 0.127846 0.668083
0 0.144765 0.389436 0.0471227 0.0892853 0.568735
6 0.452414 0.299594 0.904664 0.557049 0.55144
0 0.903435 0.424832 0.0363415 0.103801 0.541543
0 0.915507 0.423077 0.0596455 0.105217 0.386119
9 0.0113887 0.120869 0.0222704 0.115117 0.381968
9 0.990705 0.18842 0.0176193 0.149495 0.359643
0 0.287276 0.52554 0.0704479 0.127294 0.331088
9 0.992931 0.324888 0.0136648 0.0391939 0.295161
9 0.988036 0.195011 0.0231865 0.173813 0.256856
