0 0.827579 0.551949 0.208502 0.593122 0.915515
0 0.128082 0.572251 0.173491 0.623145 0.904133
0 0.942356 0.535557 0.114429 0.518144 0.842286
0 0.500505 0.532215 0.133465 0.680083 0.84056
0 0.301819 0.583932 0.074592 0.376827 0.704904
0 0.559128 0.520123 0.0650688 0.434602 0.602418
0 0.647987 0.531502 0.103041 0.424142 0.567585
0 0.330054 0.584544 0.129506 0.371955 0.560266
2 0.317251 0.477026 0.219747 0.225883 0.423985
35 0.0561338 0.58736 0.0529524 0.0896541 0.335343
2 0.326681 0.431244 0.198286 0.130199 0.302316
