19 0.583611 0.585047 0.534274 0.589535 0.940052
0 0.0682633 0.480264 0.0911864 0.325548 0.876246
0 0.176717 0.461877 0.0863137 0.333892 0.85222
0 0.981149 0.459075 0.0368736 0.227579 0.685638
0 0.318113 0.384157 0.0267088 0.13639 0.659164
0 0.339028 0.34066 0.0225083 0.0521826 0.637999
0 0.894251 0.401472 0.0195465 0.0863845 0.608033
0 0.252106 0.377792 0.0294846 0.110014 0.570668
0 0.27653 0.38821 0.0297663 0.132934 0.565456
0 0.128896 0.463095 0.0361376 0.236891 0.563518
2 0.22829 0.432339 0.0649707 0.11608 0.540527
0 0.360022 0.338095 0.0248756 0.0371562 0.527384
0 0.286821 0.388692 0.024138 0.133231 0.460919
0 0.391957 0.335672 0.0223702 0.0310428 0.456326
7 0.0752829 0.389821 0.150566 0.31926 0.43102
7 0.130557 0.382743 0.260066 0.309865 0.296518
0 0.290554 0.386179 0.0175939 0.124726 0.281814
