0 0.410404 0.6586 0.179601 0.606806 0.876988
0 0.116841 0.547846 0.118721 0.339081 0.814726
0 0.746829 0.46418 0.0443339 0.138117 0.769203
13 0.642765 0.560798 0.20412 0.0941839 0.748445
0 0.0357063 0.54556 0.0712505 0.351002 0.700589
0 0.786856 0.466139 0.0401255 0.136324 0.664008
33 0.46316 0.550936 0.172368 0.114883 0.612819
0 0.93251 0.458293 0.0260081 0.077647 0.579169
0 0.318468 0.462197 0.0411833 0.136801 0.542179
0 0.485196 0.43371 0.0348943 0.0961508 0.509709
0 0.664573 0.448443 0.0346941 0.0919855 0.484198
0 0.649685 0.495715 0.0549465 0.0502393 0.466341
0 0.509972 0.434307 0.0328658 0.0810489 0.427138
0 0.62735 0.446748 0.0369626 0.105404 0.417812
0 0.711545 0.447249 0.0278563 0.0787916 0.390358
13 0.179193 0.497321 0.0623845 0.0646942 0.345631
1 0.213056 0.615496 0.127263 0.128189 0.338526
0 0.646918 0.536823 0.0649675 0.135896 0.322829
0 0.044493 0.445518 0.0496651 0.117364 0.302989
13 0.200451 0.496624 0.106309 0.0658956 0.29508
1 0.123132 0.607628 0.160872 0.131743 0.252066
