3 0.403463 0.523962 0.806644 0.926508 0.870018
0 0.543031 0.312358 0.296331 0.476952 0.856087
0 0.875168 0.145153 0.0727531 0.204458 0.851111
0 0.405754 0.191024 0.0994292 0.345281 0.808694
0 0.293167 0.116569 0.0717237 0.229585 0.766415
2 0.954044 0.0937479 0.0910477 0.187496 0.744554
0 0.0803731 0.152931 0.0914277 0.219048 0.734829
0 0.0186002 0.136228 0.0369006 0.232978 0.707177
0 0.135797 0.149818 0.0680573 0.231287 0.684274
0 0.711272 0.0832967 0.0639874 0.120902 0.654909
0 0.81771 0.1401 0.040653 0.221925 0.536371
0 0.533511 0.0966314 0.0657005 0.11108 0.485001
0 0.0130518 0.152526 0.0261036 0.201246 0.361259
0 0.841131 0.12502 0.0332693 0.212967 0.350622
0 0.25389 0.336362 0.154786 0.4842 0.332066
24 0.129239 0.106566 0.0462967 0.082946 0.313851
24 0.282195 0.0763149 0.0382084 0.0680341 0.31244
26 0.0548923 0.121905 0.0427248 0.0778852 0.310232
2 0.905384 0.088725 0.0262272 0.100806 0.310108
0 0.564904 0.0616906 0.0388519 0.0776134 0.306997
26 0.156387 0.173196 0.0307312 0.0655584 0.29824
0 0.566643 0.0855649 0.0428853 0.125301 0.289373
