0 0.148782 0.310571 0.264565 0.358619 0.84864
0 0.48227 0.221537 0.0948992 0.18977 0.769215
55 0.251725 0.740855 0.371539 0.503192 0.760904
0 0.292984 0.20267 0.04138 0.1354 0.589671
55 0.57524 0.573326 0.100275 0.0834578 0.563122
0 0.973639 0.27995 0.051907 0.437853 0.544398
55 0.0519746 0.648585 0.103746 0.141069 0.504596
55 0.704258 0.52617 0.0965836 0.0949321 0.499112
55 0.671967 0.593383 0.105581 0.0865545 0.482923
55 0.480665 0.550715 0.0922539 0.0956578 0.473456
55 0.822018 0.387641 0.0529058 0.0532505 0.466587
55 0.542869 0.504154 0.0769552 0.0748139 0.43726
55 0.748436 0.481295 0.0607842 0.0832585 0.434328
55 0.621083 0.513561 0.0860517 0.0910605 0.409246
55 0.44206 0.607515 0.0574569 0.102372 0.312266
55 0.479232 0.537206 0.0930435 0.0668634 0.300066
