2 0.236927 0.695239 0.473581 0.28407 0.929111
9 0.896217 0.364478 0.0417911 0.190341 0.852079
9 0.0419801 0.284482 0.0585382 0.254141 0.804499
9 0.225 0.296798 0.0386041 0.107439 0.789553
2 0.105455 0.493323 0.0593018 0.0730709 0.739341
19 0.499171 0.612812 0.110849 0.156627 0.659052
9 0.259938 0.297403 0.0306158 0.115376 0.608536
9 0.412794 0.357915 0.0499172 0.172506 0.510354
9 0.419257 0.378218 0.0375427 0.125902 0.472632
12 0.0342129 0.547672 0.0257231 0.0643132 0.412425
2 0.00767217 0.49249 0.015203 0.0544336 0.266647
