25 0.703652 0.604263 0.358416 0.163573 0.903397
0 0.278519 0.797224 0.220277 0.403987 0.870898
0 0.422217 0.762257 0.155518 0.393105 0.816242
2 0.953843 0.58234 0.0888649 0.0661662 0.789256
25 0.730206 0.495495 0.287121 0.0750651 0.763348
0 0.685453 0.825982 0.16766 0.319581 0.742668
0 0.824789 0.768746 0.177063 0.355484 0.728307
25 0.390217 0.467309 0.377616 0.084939 0.693262
2 0.874877 0.562552 0.0641001 0.0546656 0.680824
26 0.88811 0.646961 0.0497459 0.0879248 0.421106
25 0.39698 0.520815 0.36853 0.194077 0.250407
