2 0.813697 0.895729 0.372583 0.187897 0.925384
2 0.251407 0.895358 0.301359 0.138135 0.919466
74 0.329905 0.409121 0.0416151 0.0308672 0.879876
2 0.440729 0.830367 0.205421 0.101813 0.858947
2 0.0644143 0.855593 0.126214 0.0836258 0.815553
2 0.176607 0.83299 0.13178 0.0586851 0.546955
2 0.257108 0.812681 0.0668816 0.0301472 0.522455
2 0.666839 0.819288 0.0570759 0.0324324 0.496632
2 0.305759 0.819364 0.0982238 0.032711 0.380854
0 0.540233 0.808554 0.0259788 0.0471088 0.305304
2 0.326307 0.807828 0.0560917 0.0379282 0.304002
0 0.539313 0.800599 0.0278897 0.0631496 0.290967
2 0.319983 0.817091 0.0731557 0.0328011 0.256896
