10 0.638841 0.663834 0.127261 0.371137 0.89636
13 0.174135 0.609278 0.342233 0.50368 0.814703
2 0.903999 0.362487 0.102206 0.10018 0.775671
0 0.771637 0.325512 0.0338629 0.132431 0.723249
0 0.532842 0.323607 0.0274235 0.122127 0.610455
2 0.298002 0.317399 0.0366166 0.0380592 0.544196
7 0.0449403 0.272972 0.0892779 0.178009 0.514962
0 0.508663 0.319438 0.0356933 0.122246 0.500378
2 0.960045 0.449931 0.079118 0.296502 0.479183
2 0.336729 0.312851 0.0381629 0.0467142 0.412174
0 0.610813 0.326739 0.0306757 0.115387 0.406991
0 0.581554 0.329584 0.0307451 0.116416 0.395442
0 0.960008 0.278938 0.0235585 0.0589008 0.363906
2 0.252707 0.317218 0.0433619 0.0445136 0.346988
0 0.447086 0.315996 0.0251184 0.0948889 0.326592
2 0.203403 0.308524 0.0600898 0.0830527 0.321037
0 0.514786 0.320712 0.0261715 0.121613 0.318701
0 0.606639 0.33181 0.0287016 0.118547 0.317499
0 0.146335 0.441852 0.176994 0.558102 0.308776
0 0.725955 0.307563 0.0225165 0.101588 0.302738
9 0.478878 0.159076 0.0184128 0.0363353 0.278434
2 0.389917 0.299465 0.0771291 0.0704712 0.264081
