0 0.626137 0.556059 0.295464 0.746853 0.726005
0 0.545347 0.544396 0.454067 0.764445 0.715492
0 0.430602 0.543238 0.0786957 0.0890545 0.677965
0 0.509805 0.433476 0.0756439 0.112635 0.632288
56 0.174877 0.50421 0.0672524 0.0411253 0.480854
56 0.462473 0.504878 0.058107 0.0405404 0.444749
56 0.242363 0.506965 0.0714122 0.0456028 0.40627
56 0.522969 0.504422 0.0665111 0.0389412 0.394323
0 0.0376106 0.475296 0.0752211 0.098315 0.360256
38 0.247249 0.106463 0.21155 0.191814 0.357718
0 0.44875 0.43583 0.0577657 0.0999971 0.344708
0 0.461492 0.337786 0.0581543 0.0787055 0.330939
0 0.521196 0.467803 0.790333 0.930015 0.329018
0 0.595191 0.199811 0.0637709 0.0920352 0.328489
0 0.0916341 0.345474 0.0798 0.117735 0.324834
0 0.168503 0.435775 0.0793092 0.0931059 0.304049
56 0.527041 0.172788 0.0503659 0.0327294 0.299053
56 0.427634 0.170972 0.0448226 0.0297947 0.276094
0 0.10847 0.473461 0.0701378 0.0944334 0.26761
0 0.130974 0.536023 0.0801176 0.0991013 0.263329
56 0.231718 0.460877 0.0601507 0.0460476 0.262758
