3 0.401308 0.537738 0.801668 0.899829 0.884005
0 0.875484 0.144682 0.0720753 0.204792 0.853284
0 0.54323 0.31199 0.294482 0.476863 0.851555
0 0.40592 0.190795 0.0991419 0.346002 0.806984
0 0.293092 0.115358 0.0722 0.228152 0.762892
0 0.0822258 0.154143 0.0960836 0.218584 0.74135
2 0.953887 0.0939117 0.0913437 0.187823 0.725239
0 0.0186407 0.13586 0.0369764 0.23267 0.70759
0 0.136104 0.148931 0.0685446 0.228287 0.694857
0 0.711289 0.0835644 0.0650905 0.121327 0.630791
0 0.81787 0.137509 0.0397194 0.213469 0.507716
24 0.28008 0.072273 0.0418762 0.0714328 0.445121
0 0.254126 0.337157 0.154159 0.483445 0.431457
0 0.533368 0.0970126 0.0658078 0.111484 0.39576
0 0.841521 0.124045 0.0328993 0.210602 0.379421
0 0.0129287 0.153279 0.0258574 0.199336 0.335597
26 0.0550024 0.121629 0.0432462 0.0787168 0.323021
26 0.156167 0.173054 0.0297239 0.0669532 0.315262
2 0.905396 0.0884897 0.0261719 0.103646 0.305094
24 0.129233 0.106641 0.0463776 0.0825178 0.27814
0 0.566964 0.0854731 0.0432345 0.125309 0.272037
0 0.588646 0.0813408 0.0349558 0.117291 0.270803
0 0.565213 0.0629516 0.0387173 0.0801902 0.268635
0 0.0850317 0.0510494 0.0553175 0.0848464 0.266923
