0 0.11382 0.565179 0.174958 0.339516 0.883537
0 0.300473 0.438383 0.0408842 0.0764108 0.625552
0 0.206937 0.54149 0.0683271 0.180113 0.517078
25 0.394384 0.384734 0.235531 0.124721 0.479009
25 0.567841 0.282553 0.864319 0.565106 0.430802
45 0.6066 0.800518 0.215464 0.106144 0.414171
0 0.177052 0.423423 0.0456855 0.0397743 0.387524
58 0.281432 0.687929 0.238064 0.131221 0.351396
25 0.572635 0.159415 0.854731 0.318277 0.32481
25 0.0701516 0.364302 0.138225 0.0263756 0.312429
25 0.800174 0.328524 0.397525 0.114033 0.280195
0 0.273215 0.438697 0.0314792 0.0685912 0.267002
25 0.394824 0.346952 0.229176 0.0504139 0.2522
