0 0.498196 0.618875 0.172078 0.666096 0.898477
0 0.693972 0.646842 0.137966 0.69606 0.873475
0 0.43193 0.257121 0.085344 0.144988 0.755927
0 0.752163 0.260156 0.120733 0.200963 0.74712
0 0.363578 0.272992 0.0659937 0.106028 0.69224
0 0.131612 0.264434 0.103279 0.134936 0.688503
0 0.195734 0.642926 0.156053 0.65602 0.679314
0 0.744813 0.402379 0.0845707 0.267001 0.635862
0 0.206499 0.264635 0.0682369 0.134366 0.63467
0 0.631738 0.164026 0.0609053 0.321814 0.585329
0 0.0666072 0.646991 0.133214 0.69733 0.559101
0 0.581123 0.163436 0.0648876 0.319779 0.501769
0 0.91489 0.253751 0.0762913 0.199799 0.49319
0 0.835179 0.0614803 0.0925156 0.122662 0.356031
0 0.866194 0.280405 0.0559055 0.148059 0.349638
38 0.70549 0.824954 0.106725 0.117527 0.259504
