2 0.235474 0.58277 0.469423 0.475955 0.909548
2 0.738966 0.490961 0.477805 0.439979 0.888977
2 0.490846 0.354479 0.165716 0.112392 0.8661
10 0.427357 0.678634 0.107079 0.247851 0.833356
2 0.553657 0.397328 0.185807 0.139937 0.829103
2 0.328315 0.358639 0.0853676 0.0860924 0.818715
2 0.658377 0.288634 0.05763 0.0384844 0.649756
2 0.201563 0.336961 0.0752605 0.029867 0.54603
0 0.987299 0.597753 0.0246037 0.18478 0.544085
2 0.0510326 0.337882 0.101863 0.0867507 0.520845
2 0.954884 0.280485 0.0878864 0.0517097 0.404032
2 0.95532 0.312077 0.0887194 0.114433 0.379083
2 0.417447 0.343206 0.0393644 0.0844824 0.359982
2 0.613616 0.291374 0.0491568 0.0411382 0.294783
2 0.60912 0.285669 0.033416 0.0325171 0.25912
