0 0.687747 0.562818 0.22795 0.560148 0.931464
0 0.283516 0.721076 0.235799 0.367779 0.917989
0 0.934624 0.355404 0.0567646 0.262493 0.827141
35 0.375093 0.664772 0.0531549 0.100512 0.775119
0 0.0471312 0.386201 0.0940188 0.205793 0.768419
0 0.888899 0.359956 0.0685795 0.257402 0.657512
2 0.296253 0.307529 0.128042 0.15081 0.526878
56 0.1611 0.422085 0.0801649 0.133911 0.451577
2 0.486041 0.318514 0.282677 0.205945 0.426263
7 0.483555 0.31927 0.280009 0.207766 0.405375
0 0.849838 0.358953 0.0587532 0.251951 0.334919
2 0.105518 0.359703 0.211035 0.165909 0.289029
2 0.108982 0.305068 0.0973331 0.051738 0.263083
