0 0.168168 0.741346 0.0853676 0.350781 0.875911
0 0.0901146 0.711326 0.0789599 0.37065 0.834776
0 0.561088 0.617253 0.0318581 0.129669 0.782396
0 0.666234 0.663127 0.0370355 0.138642 0.760285
0 0.699948 0.652699 0.0318583 0.142325 0.726528
0 0.876468 0.675382 0.0355413 0.145749 0.718917
0 0.585492 0.637783 0.0359711 0.152303 0.691315
0 0.0267225 0.650438 0.0532603 0.283694 0.690969
0 0.0921472 0.886097 0.145504 0.227806 0.687274
0 0.905323 0.67104 0.0425177 0.157532 0.660354
2 0.484941 0.592871 0.107152 0.0807103 0.639792
0 0.87915 0.861589 0.101647 0.260455 0.639516
0 0.494676 0.590774 0.0222176 0.09413 0.626911
2 0.459977 0.590152 0.0573389 0.0727012 0.57365
1 0.734654 0.690743 0.0348369 0.0884471 0.558398
5 0.215205 0.548297 0.0628885 0.123363 0.514943
2 0.407919 0.570599 0.0250834 0.0374538 0.510384
2 0.694808 0.591799 0.0555004 0.0403582 0.491071
2 0.730466 0.590239 0.0289227 0.0374377 0.478563
2 0.176149 0.54614 0.019374 0.038717 0.470705
1 0.782692 0.798801 0.137833 0.186943 0.404446
2 0.519704 0.609425 0.037603 0.0523142 0.358482
26 0.0123781 0.762065 0.0247207 0.107661 0.354614
0 0.537596 0.579029 0.0176927 0.0567272 0.343668
0 0.375353 0.571661 0.0166275 0.0780809 0.342569
1 0.783051 0.740781 0.139934 0.164357 0.337259
0 0.69091 0.649002 0.0521357 0.15136 0.324935
1 0.834907 0.846786 0.0576452 0.181588 0.314045
0 0.389495 0.574628 0.0181732 0.07074 0.313756
2 0.976366 0.931736 0.0464512 0.132738 0.313444
0 0.277959 0.563044 0.0130796 0.0524233 0.30523
3 0.976331 0.931875 0.0464575 0.13384 0.302383
1 0.782576 0.766668 0.139073 0.123835 0.284859
1 0.74115 0.767653 0.0574709 0.100637 0.283012
3 0.312579 0.571534 0.0283726 0.0358688 0.266718
