0 0.666587 0.737235 0.243048 0.230604 0.877952
2 0.826391 0.582047 0.254764 0.0779646 0.867314
0 0.564022 0.732817 0.167159 0.222729 0.844024
0 0.0857768 0.632858 0.0866701 0.261802 0.804791
0 0.336445 0.689193 0.186602 0.177592 0.738728
0 0.668128 0.560376 0.0276441 0.0622852 0.738026
0 0.596348 0.56344 0.032291 0.0615994 0.678063
0 0.825172 0.761023 0.291531 0.111278 0.676497
24 0.175407 0.705314 0.0710928 0.0635105 0.666671
2 0.357751 0.565677 0.135778 0.0478876 0.660052
2 0.257156 0.567128 0.0998817 0.0433872 0.654289
24 0.0359462 0.592225 0.0710541 0.0821132 0.58765
0 0.256659 0.68066 0.198542 0.182789 0.550838
0 0.737786 0.548994 0.0384512 0.0360869 0.493667
0 0.840861 0.537528 0.0415969 0.0262703 0.395261
13 0.797271 0.828433 0.290366 0.118879 0.32133
1 0.182758 0.614347 0.139617 0.060765 0.304292
