11 0.525858 0.304383 0.235316 0.344113 0.904294
0 0.843455 0.777879 0.178177 0.43516 0.900282
0 0.161931 0.783699 0.305265 0.420168 0.867113
0 0.524767 0.77026 0.263387 0.448084 0.85084
0 0.953151 0.645439 0.0927834 0.646981 0.832856
0 0.305999 0.750467 0.182156 0.493728 0.819744
0 0.596669 0.547726 0.161724 0.418331 0.762546
0 0.456705 0.620758 0.108602 0.388954 0.716756
0 0.746492 0.69041 0.190012 0.609683 0.638185
0 0.167137 0.413309 0.122409 0.264564 0.46426
0 0.357834 0.670902 0.118313 0.505387 0.41695
0 0.0582383 0.561816 0.115477 0.542313 0.414106
0 0.114434 0.628105 0.163735 0.413398 0.410453
0 0.682355 0.371363 0.0832031 0.351668 0.337846
0 0.315097 0.131007 0.0452747 0.149894 0.303127
0 0.394143 0.0652914 0.0308613 0.126206 0.291623
0 0.0133031 0.0823087 0.0265673 0.147438 0.273402
0 0.349523 0.303752 0.119789 0.387196 0.261389
0 0.12998 0.0809914 0.0215327 0.112412 0.253254
