2 0.693716 0.406579 0.130379 0.0903711 0.884039
2 0.751988 0.839335 0.49549 0.300249 0.882865
0 0.522803 0.427086 0.0818442 0.332126 0.871216
1 0.902816 0.416417 0.0759321 0.0720742 0.78063
0 0.0415624 0.35205 0.0555756 0.175488 0.753738
2 0.305042 0.36374 0.0674359 0.0653364 0.715553
2 0.232055 0.369852 0.0388155 0.0301336 0.650247
9 0.286933 0.183846 0.0139402 0.0435723 0.55016
0 0.907549 0.395391 0.0418129 0.0960966 0.511082
26 0.0257676 0.363108 0.0230196 0.0848667 0.352556
9 0.401304 0.0935697 0.0281809 0.0768021 0.338019
0 0.944566 0.38722 0.0101105 0.0283355 0.307612
26 0.0265427 0.356842 0.029567 0.0923859 0.292641
11 0.356826 0.249422 0.0336859 0.051187 0.269202
24 0.0243081 0.352442 0.0250469 0.0901103 0.252683
