0 0.679834 0.546093 0.304091 0.819743 0.88958
63 0.168444 0.634637 0.228245 0.150316 0.857737
0 0.725289 0.242416 0.0733908 0.131335 0.850259
0 0.465432 0.586652 0.215056 0.403942 0.835608
56 0.0270463 0.431535 0.0538809 0.134502 0.700907
56 0.11777 0.376299 0.0540102 0.120504 0.665946
0 0.844121 0.413178 0.0988573 0.278757 0.634474
56 0.131175 0.527708 0.0824137 0.0885288 0.619809
0 0.358733 0.268635 0.0395338 0.144545 0.606211
56 0.240343 0.37685 0.0787093 0.120091 0.593541
27 0.650316 0.618568 0.0560281 0.462574 0.544761
0 0.496462 0.265567 0.0550299 0.174944 0.514367
56 0.545543 0.435161 0.0708706 0.180648 0.445592
56 0.0740656 0.498875 0.0694934 0.0823137 0.387015
56 0.224295 0.377063 0.0459905 0.116836 0.383247
0 0.0365476 0.232374 0.0244916 0.0408274 0.354109
56 0.063641 0.439758 0.0533959 0.108043 0.349372
56 0.912976 0.766272 0.173327 0.299379 0.2931
0 0.139058 0.259417 0.0192283 0.0879782 0.285612
56 0.898968 0.470224 0.0496016 0.159639 0.281259
56 0.01009 0.382667 0.02018 0.0477767 0.278682
56 0.285613 0.376886 0.0522179 0.118231 0.274741
56 0.0270708 0.408058 0.0533017 0.0932727 0.251535
