0 0.922666 0.492637 0.153961 0.889663 0.889986
0 0.206422 0.563077 0.303813 0.852098 0.887894
0 0.510983 0.361609 0.25387 0.585317 0.856254
0 0.725371 0.481934 0.30229 0.646322 0.810464
74 0.796412 0.0360617 0.048015 0.0721235 0.769406
0 0.285635 0.363618 0.114817 0.403605 0.737922
0 0.0752483 0.287773 0.144498 0.291454 0.727892
41 0.43402 0.959565 0.0684182 0.0800977 0.720587
39 0.636477 0.804549 0.106149 0.362526 0.62342
0 0.0701865 0.553615 0.138256 0.650268 0.575754
41 0.513755 0.841551 0.134691 0.313238 0.560928
0 0.119298 0.186043 0.0582915 0.0860069 0.410972
43 0.770134 0.892519 0.310694 0.20871 0.39189
45 0.396278 0.80496 0.19863 0.232044 0.351754
0 0.0255242 0.490788 0.0507707 0.360243 0.258598
0 0.0995151 0.29044 0.0708773 0.145431 0.25118
