0 0.155414 0.633093 0.0557727 0.195225 0.874062
0 0.439107 0.64383 0.0596343 0.205516 0.86658
0 0.611647 0.659592 0.0851265 0.211979 0.864712
0 0.969543 0.752178 0.0600678 0.327901 0.85026
0 0.766752 0.664444 0.0755255 0.264614 0.845921
2 0.945787 0.59602 0.106644 0.103111 0.562054
0 0.832236 0.642189 0.0247051 0.0954423 0.542574
2 0.0527587 0.609628 0.0793381 0.0640608 0.467311
0 0.718546 0.642231 0.0277037 0.0926787 0.44596
29 0.603459 0.296166 0.0474341 0.0260945 0.428823
0 0.797585 0.633436 0.0462864 0.205773 0.389679
0 0.800092 0.585531 0.0464955 0.108458 0.317535
