2 0.835488 0.886307 0.30674 0.191138 0.892542
2 0.370777 0.901571 0.616217 0.168184 0.796066
2 0.681456 0.775528 0.155667 0.0692434 0.737104
2 0.563166 0.781327 0.170363 0.0820557 0.72079
2 0.882871 0.768988 0.180979 0.0648829 0.68484
2 0.170074 0.800077 0.15757 0.0732523 0.677336
7 0.362316 0.772061 0.238048 0.146935 0.566483
2 0.768649 0.749761 0.0907024 0.0372227 0.492888
2 0.944656 0.730839 0.0829037 0.032358 0.491806
2 0.362587 0.772174 0.239755 0.146724 0.460869
2 0.218505 0.732858 0.0462608 0.0295757 0.448638
2 0.229857 0.73402 0.0671739 0.0288275 0.386601
2 0.271488 0.735744 0.0364837 0.0241928 0.3674
0 0.352903 0.769725 0.0238348 0.0739038 0.308933
2 0.0366913 0.809952 0.052814 0.0573723 0.274451
2 0.620921 0.735391 0.0586065 0.0270921 0.261306
2 0.944772 0.743404 0.0869038 0.0573117 0.250017
