0 0.243406 0.528602 0.345533 0.92216 0.922203
29 0.679837 0.302961 0.0874097 0.0509459 0.907422
0 0.726061 0.446858 0.184951 0.714869 0.894905
0 0.871601 0.4319 0.122892 0.442072 0.886453
0 0.503624 0.429023 0.0937592 0.201176 0.853839
0 0.0165358 0.418976 0.0329563 0.175318 0.751299
29 0.915702 0.442702 0.0413971 0.0494033 0.717022
0 0.0986336 0.678246 0.104118 0.609128 0.670955
0 0.434988 0.440303 0.0745092 0.170253 0.669481
2 0.0438217 0.365955 0.0872315 0.20285 0.581725
0 0.52932 0.376839 0.0294173 0.124652 0.571597
0 0.586111 0.346221 0.0222145 0.0744701 0.504027
0 0.561202 0.351869 0.017588 0.0652924 0.500056
0 0.465075 0.352496 0.021616 0.0732771 0.412544
0 0.0821229 0.652436 0.0704989 0.559088 0.410032
29 0.788805 0.361552 0.0641077 0.0414045 0.393477
0 0.365492 0.360234 0.0334878 0.101834 0.387926
0 0.621773 0.33985 0.0193641 0.0821967 0.383559
29 0.446294 0.397686 0.0492004 0.0668855 0.368478
13 0.0521776 0.444893 0.0549109 0.0577952 0.329473
0 0.136071 0.333455 0.0187166 0.051368 0.283922
