2 0.146128 0.867275 0.28935 0.166852 0.89904
0 0.936066 0.815156 0.111721 0.156984 0.772349
9 0.819322 0.475367 0.0582548 0.112281 0.732451
2 0.735911 0.77771 0.0685898 0.093265 0.594759
9 0.810976 0.566869 0.0483816 0.0674631 0.568236
2 0.898985 0.742218 0.115077 0.0358713 0.561817
0 0.578374 0.765618 0.0787375 0.102151 0.501281
2 0.827266 0.789795 0.169264 0.0894772 0.433663
0 0.603098 0.777848 0.0316958 0.0719753 0.380463
2 0.977732 0.7462 0.0437573 0.0322092 0.375844
9 0.262857 0.157704 0.143132 0.312306 0.350889
0 0.565123 0.770823 0.0513443 0.0932617 0.341538
1 0.952766 0.855426 0.0546951 0.0860154 0.299878
0 0.533948 0.756247 0.0253366 0.0672375 0.28327
2 0.8635 0.790979 0.0962441 0.0862449 0.28148
1 0.944776 0.863468 0.0380915 0.067186 0.26671
