0 0.561688 0.487963 0.213977 0.614301 0.896802
0 0.381952 0.506766 0.196 0.446941 0.817874
0 0.184687 0.340848 0.0612889 0.15725 0.802199
0 0.260026 0.33658 0.0575692 0.156771 0.727082
34 0.679525 0.387535 0.154253 0.0829714 0.660727
0 0.304963 0.331629 0.0533524 0.151294 0.647045
0 0.0764726 0.350427 0.0645861 0.145811 0.560945
0 0.134149 0.268514 0.0486161 0.0920867 0.547853
0 0.129547 0.343154 0.049944 0.153971 0.507729
2 0.681013 0.300619 0.0752099 0.0608084 0.424802
0 0.0756518 0.271993 0.0707123 0.107734 0.424783
0 0.320806 0.256536 0.0376919 0.0863913 0.350941
2 0.851367 0.290915 0.102821 0.06492 0.330535
2 0.220142 0.313334 0.0537054 0.0610507 0.323694
2 0.77408 0.314957 0.06947 0.0401819 0.289482
1 0.380255 0.64575 0.287236 0.406997 0.252069
2 0.873995 0.294846 0.0571199 0.0573292 0.250763
