0 0.760566 0.547479 0.369082 0.891005 0.920979
0 0.373932 0.346124 0.243603 0.509575 0.889641
56 0.562283 0.494008 0.0970907 0.0950645 0.869117
60 0.381738 0.740664 0.689408 0.504422 0.805748
0 0.897246 0.290545 0.0785091 0.253229 0.776877
56 0.275397 0.633894 0.147584 0.12746 0.744962
43 0.434797 0.48482 0.124234 0.0339201 0.652992
55 0.445987 0.845403 0.0954599 0.0902033 0.648939
55 0.488353 0.663748 0.23177 0.176021 0.625863
0 0.512048 0.25685 0.0459272 0.148869 0.537434
56 0.882512 0.40427 0.0541687 0.147591 0.531444
55 0.238824 0.861146 0.0543877 0.0884326 0.497413
56 0.535406 0.385191 0.0553583 0.134428 0.476583
56 0.372163 0.578637 0.0754071 0.105236 0.395278
55 0.545684 0.798574 0.0440436 0.0699359 0.333667
55 0.154164 0.775454 0.0621336 0.0699345 0.329816
56 0.822892 0.933768 0.100219 0.132464 0.312798
0 0.512256 0.223258 0.0430841 0.080225 0.302717
0 0.477713 0.228782 0.0370567 0.0910331 0.266383
56 0.302877 0.613582 0.205428 0.168473 0.255534
