18 0.157397 0.565542 0.102612 0.121658 0.77544
18 0.0651308 0.571478 0.0976706 0.121735 0.773485
18 0.544619 0.521212 0.0765438 0.0897746 0.718327
18 0.47484 0.528417 0.078182 0.113455 0.648096
18 0.599342 0.481201 0.066179 0.108154 0.629282
18 0.646454 0.494755 0.0800802 0.0981082 0.585416
18 0.334332 0.577894 0.0751814 0.112402 0.551642
18 0.315706 0.497635 0.0783956 0.0612422 0.459355
18 0.232959 0.493548 0.0857835 0.0579217 0.415711
18 0.276538 0.573421 0.114776 0.122377 0.413764
18 0.149235 0.486325 0.0479061 0.0479631 0.387385
2 0.0665238 0.806984 0.132227 0.326881 0.381177
18 0.250991 0.571942 0.0657719 0.121245 0.325082
18 0.00816636 0.556123 0.0163327 0.0881748 0.32446
18 0.553842 0.457882 0.0738337 0.0643127 0.321413
18 0.465432 0.54016 0.0955257 0.140418 0.27545
18 0.183454 0.550337 0.0727903 0.101314 0.2566
