2 0.814104 0.895468 0.371225 0.188227 0.929768
2 0.251504 0.895274 0.301653 0.138025 0.916041
74 0.3299 0.409178 0.042343 0.0307724 0.888139
2 0.440836 0.830628 0.20626 0.102304 0.855507
2 0.0640932 0.856295 0.125833 0.0845419 0.825765
2 0.173125 0.830934 0.128372 0.0523514 0.539895
2 0.257576 0.812631 0.0682902 0.0303064 0.526029
2 0.666521 0.819491 0.0574456 0.0316975 0.489749
2 0.306652 0.819431 0.0985047 0.0328465 0.41909
2 0.326446 0.809643 0.0586144 0.0409276 0.321242
0 0.540222 0.80878 0.0261008 0.046554 0.301077
0 0.539326 0.800492 0.0280933 0.0631016 0.297705
2 0.319148 0.81477 0.077608 0.0382586 0.273627
2 0.312524 0.810264 0.0896835 0.0416446 0.25456
