0 0.412976 0.660063 0.22761 0.673591 0.926499
0 0.69186 0.618079 0.412542 0.742086 0.916388
0 0.16712 0.717743 0.331132 0.55248 0.909698
2 0.962283 0.590267 0.0745312 0.250599 0.633287
0 0.310414 0.46798 0.0803561 0.197736 0.571187
0 0.093226 0.64816 0.186452 0.654032 0.435233
0 0.570085 0.552594 0.117447 0.368484 0.372358
0 0.0257028 0.503571 0.0514056 0.183394 0.319608
67 0.805974 0.473311 0.0241144 0.0798723 0.26398
0 0.0930321 0.528006 0.183131 0.412414 0.261636
0 0.554634 0.669534 0.142537 0.607963 0.252495
