0 0.687539 0.562558 0.22794 0.559831 0.933165
0 0.283337 0.721044 0.235506 0.367989 0.91949
0 0.935096 0.355564 0.0571911 0.261789 0.834663
35 0.375086 0.664656 0.0532336 0.100774 0.780896
0 0.0476074 0.386233 0.0926744 0.205767 0.748438
0 0.889313 0.359786 0.0701981 0.256677 0.670057
2 0.479009 0.318293 0.284109 0.209854 0.492837
2 0.301739 0.307356 0.119076 0.150766 0.444058
56 0.162128 0.421645 0.0803098 0.129818 0.437439
2 0.0999776 0.355461 0.199015 0.156524 0.408655
0 0.84896 0.35803 0.0578594 0.25072 0.266009
2 0.111144 0.305137 0.102372 0.0522892 0.26298
