11 0.30579 0.362355 0.197749 0.310419 0.982559
2 0.453296 0.949406 0.0914743 0.1005 0.787542
0 0.834208 0.947936 0.0333439 0.104129 0.727017
2 0.533626 0.955031 0.0721853 0.080733 0.672409
0 0.870228 0.946033 0.0241619 0.104819 0.637952
2 0.601565 0.945225 0.0723187 0.0892573 0.632939
2 0.219587 0.966653 0.140093 0.0666939 0.575002
2 0.367283 0.944102 0.117898 0.111625 0.537354
2 0.705432 0.954143 0.188516 0.0917147 0.512931
0 0.811236 0.935361 0.0219002 0.0783388 0.354002
2 0.198178 0.979293 0.0975133 0.0390119 0.273219
0 0.790807 0.949133 0.0509382 0.100882 0.258454
2 0.659965 0.957888 0.0986661 0.083371 0.254212
