0 0.168282 0.741721 0.0854835 0.350468 0.876605
0 0.089908 0.712215 0.078605 0.368193 0.834003
0 0.561063 0.616814 0.032163 0.129706 0.796625
0 0.666061 0.662888 0.0366018 0.137859 0.752493
0 0.699992 0.652231 0.0319363 0.14413 0.735001
0 0.0922102 0.888352 0.145415 0.223296 0.710293
0 0.027102 0.660302 0.0541169 0.288071 0.700889
0 0.875967 0.675107 0.0348328 0.146112 0.682296
0 0.584632 0.637611 0.0369057 0.152093 0.669333
0 0.905558 0.672744 0.0432167 0.158327 0.643838
2 0.484994 0.592945 0.106858 0.0817533 0.630844
0 0.879209 0.859349 0.101661 0.266517 0.563089
1 0.734728 0.690965 0.0342292 0.0883824 0.552673
0 0.495077 0.589528 0.0218984 0.0937157 0.542461
2 0.408646 0.570886 0.0261324 0.0367898 0.530729
2 0.460087 0.59078 0.0569817 0.0735576 0.526624
2 0.176306 0.545576 0.0188829 0.0384771 0.482252
2 0.694408 0.59136 0.0553307 0.0400051 0.474478
2 0.730313 0.590086 0.0286332 0.0373334 0.467074
7 0.215255 0.548705 0.0626744 0.123761 0.407742
0 0.691665 0.649258 0.0508232 0.151674 0.374345
5 0.214916 0.549149 0.0632143 0.122525 0.356551
1 0.78437 0.792544 0.141791 0.204499 0.355776
26 0.0123995 0.762119 0.024779 0.105951 0.337663
1 0.782458 0.730962 0.139387 0.184518 0.335103
2 0.976384 0.931662 0.0464123 0.132855 0.33394
0 0.277813 0.564027 0.013345 0.0513013 0.328486
0 0.537987 0.578657 0.0171465 0.0567222 0.310762
3 0.97638 0.931745 0.0463562 0.133913 0.300848
0 0.376525 0.571764 0.0164401 0.076137 0.300582
3 0.313359 0.571192 0.0330863 0.0365365 0.290282
2 0.519903 0.608753 0.0366968 0.0538482 0.288387
1 0.782514 0.762196 0.139132 0.127993 0.283095
0 0.159629 0.550649 0.0123361 0.0408757 0.273803
3 0.622981 0.608649 0.0360179 0.0441475 0.272598
2 0.51465 0.595721 0.0489571 0.081385 0.272174
1 0.740761 0.766533 0.0569714 0.104609 0.266103
1 0.833732 0.845338 0.0570129 0.183766 0.254993
