5 0.27087 0.480472 0.539516 0.638715 0.946131
2 0.567774 0.473716 0.0507223 0.0914675 0.609826
2 0.587751 0.455504 0.0499182 0.0596579 0.511307
2 0.579116 0.464758 0.0493437 0.0737981 0.465321
2 0.597062 0.45087 0.0422434 0.0554539 0.426945
2 0.629507 0.433656 0.0278785 0.0425476 0.40574
2 0.605626 0.442856 0.0467651 0.0546458 0.345518
2 0.615234 0.441466 0.0343451 0.0492841 0.34292
7 0.71031 0.392141 0.0671695 0.152915 0.330755
2 0.621772 0.439622 0.0307192 0.0524111 0.317131
2 0.634435 0.429046 0.0238633 0.0379844 0.250052
