2 0.666072 0.432585 0.0384636 0.0466647 0.843109
2 0.894769 0.578522 0.115106 0.128032 0.784901
2 0.416491 0.766483 0.0921335 0.158416 0.773089
2 0.0701777 0.622568 0.139708 0.130082 0.758333
2 0.79017 0.498863 0.0723166 0.075981 0.745488
2 0.71532 0.425603 0.0337353 0.0439986 0.683662
2 0.918912 0.75866 0.161407 0.255668 0.600387
2 0.484686 0.425541 0.0294649 0.039937 0.580021
2 0.742286 0.401442 0.0298994 0.0346494 0.573584
7 0.79881 0.606559 0.120355 0.141012 0.519532
2 0.984634 0.653803 0.0299187 0.113537 0.494843
2 0.538672 0.447074 0.0603743 0.0636654 0.473026
2 0.798976 0.608019 0.122073 0.136156 0.439516
7 0.69462 0.384599 0.0327429 0.0522804 0.411488
2 0.746646 0.46105 0.0340245 0.0559967 0.399346
7 0.693569 0.376264 0.0357322 0.0655165 0.380441
7 0.607055 0.594867 0.102991 0.166609 0.350022
2 0.928378 0.429754 0.0793045 0.0794891 0.331088
2 0.936945 0.433552 0.0555031 0.0699882 0.322678
2 0.569887 0.484772 0.0869297 0.0618869 0.309434
2 0.741518 0.459006 0.0459362 0.0582915 0.303637
2 0.717631 0.431003 0.0349125 0.0363175 0.292818
2 0.459435 0.476592 0.0516951 0.0401007 0.270508
