5 0.450133 0.705778 0.370027 0.293894 0.916507
2 0.950958 0.863776 0.0973236 0.261946 0.909452
2 0.804353 0.766798 0.0654777 0.0649034 0.879622
2 0.140285 0.7841 0.150403 0.168152 0.848287
2 0.042597 0.784603 0.0851939 0.190663 0.770586
2 0.887728 0.770528 0.0688972 0.076675 0.707938
2 0.691888 0.766833 0.10747 0.126995 0.694503
9 0.838395 0.35186 0.0213123 0.0716765 0.684306
2 0.75446 0.762967 0.0383787 0.0534398 0.672962
2 0.841903 0.755485 0.0237726 0.0426433 0.633576
2 0.937469 0.761942 0.0302277 0.0485082 0.331419
