0 0.599808 0.544993 0.117682 0.401274 0.866747
0 0.435866 0.562035 0.0752354 0.19451 0.840686
1 0.443239 0.630685 0.0913693 0.117633 0.810966
36 0.518661 0.710121 0.095948 0.0919472 0.774013
0 0.0135155 0.510559 0.0268111 0.209871 0.69932
0 0.116732 0.539228 0.0234404 0.0888943 0.618177
36 0.0102053 0.612312 0.0201458 0.0207561 0.539538
0 0.988985 0.512435 0.0213707 0.101448 0.497292
0 0.332161 0.51463 0.0202071 0.0739905 0.495566
0 0.29876 0.514917 0.0208785 0.0793024 0.436879
0 0.162481 0.537437 0.0404289 0.102347 0.429449
0 0.14321 0.538282 0.0272805 0.0975334 0.378389
0 0.663813 0.511142 0.0285162 0.0855525 0.335748
0 0.266225 0.523365 0.0269684 0.0835194 0.26396
