0 0.680429 0.545612 0.304106 0.818291 0.903311
63 0.168746 0.634877 0.229081 0.151088 0.869064
0 0.725086 0.243221 0.0718441 0.13107 0.851654
0 0.465491 0.587004 0.216088 0.404201 0.83664
56 0.0272114 0.431175 0.054192 0.135716 0.696296
56 0.11785 0.376639 0.053403 0.120366 0.650397
0 0.358652 0.265117 0.0393615 0.138166 0.614554
56 0.131069 0.527512 0.0829591 0.0883892 0.603358
0 0.843715 0.413071 0.0970728 0.276472 0.598144
56 0.240589 0.376629 0.0786187 0.119705 0.560449
0 0.49621 0.271437 0.0546341 0.18687 0.452939
56 0.0738948 0.498823 0.068975 0.0822171 0.414215
56 0.545546 0.43413 0.0704372 0.179097 0.372158
56 0.224499 0.377147 0.0456497 0.116574 0.34584
0 0.0362247 0.232638 0.0248477 0.0399766 0.342426
0 0.139144 0.259177 0.0197588 0.0877994 0.339089
56 0.89865 0.471696 0.050042 0.162448 0.29874
56 0.010067 0.382896 0.020134 0.048549 0.295217
56 0.544382 0.472143 0.0652778 0.107382 0.275256
0 0.17145 0.256876 0.025381 0.0769281 0.274698
56 0.0635894 0.439841 0.055374 0.108354 0.268475
0 0.496156 0.312075 0.0552885 0.269171 0.267636
