0 0.262273 0.653167 0.519497 0.67116 0.923841
0 0.391483 0.280995 0.165534 0.278717 0.90451
0 0.701056 0.619191 0.428651 0.743136 0.807653
0 0.188488 0.288093 0.178569 0.255025 0.792737
0 0.575678 0.294056 0.159741 0.291976 0.768607
0 0.675141 0.359094 0.198239 0.385218 0.679379
0 0.945079 0.358341 0.109258 0.333632 0.623815
0 0.08327 0.259709 0.121268 0.269782 0.618247
60 0.450158 0.676558 0.493582 0.571198 0.56668
0 0.294206 0.242092 0.0817917 0.244115 0.565299
0 0.971775 0.268147 0.0559151 0.170869 0.487378
0 0.620506 0.180155 0.0588177 0.212834 0.45863
0 0.676617 0.273825 0.0873306 0.239387 0.420627
0 0.922574 0.151937 0.0818367 0.162298 0.389143
0 0.375078 0.116237 0.0544181 0.104283 0.345904
41 0.522906 0.616566 0.0336176 0.059691 0.338191
26 0.876861 0.859159 0.185204 0.276471 0.314933
45 0.591197 0.630454 0.0526132 0.0430335 0.301718
56 0.287142 0.365647 0.0530042 0.0913284 0.301534
39 0.622556 0.242123 0.0254301 0.0941742 0.299773
0 0.854644 0.260791 0.10354 0.209035 0.278462
56 0.495289 0.340338 0.0681039 0.138929 0.275738
41 0.612407 0.357503 0.0302532 0.0899237 0.267848
60 0.0156448 0.330888 0.0308351 0.0721637 0.264668
41 0.268273 0.458578 0.0448791 0.096191 0.263398
41 0.296942 0.455996 0.0201799 0.0601824 0.2538
41 0.613063 0.344093 0.0296563 0.0629056 0.253561
