56 0.806782 0.683892 0.0795727 0.111138 0.8161
56 0.615599 0.666316 0.105712 0.158464 0.806689
0 0.409548 0.465701 0.025268 0.080959 0.801224
0 0.373787 0.482315 0.0255168 0.0477992 0.735616
0 0.169459 0.5658 0.1767 0.0740878 0.65364
0 0.444543 0.481479 0.0212196 0.0270825 0.537118
25 0.732556 0.56759 0.246203 0.3001 0.529033
0 0.976782 0.528514 0.0451859 0.0486091 0.409099
0 0.446278 0.482719 0.023144 0.0334042 0.388155
0 0.123562 0.565422 0.0892932 0.0713071 0.379058
25 0.735026 0.46248 0.243957 0.0876088 0.362452
56 0.0476138 0.574643 0.0403799 0.0320112 0.331746
0 0.931996 0.506786 0.056736 0.0641941 0.271887
