2 0.236884 0.696352 0.473201 0.282197 0.938473
9 0.896238 0.36452 0.0417706 0.189761 0.842144
9 0.0414903 0.285071 0.0594554 0.254209 0.803731
9 0.224906 0.296794 0.0376041 0.10732 0.774596
2 0.104856 0.494111 0.0589181 0.0710354 0.74943
19 0.499148 0.613195 0.110568 0.156741 0.68696
9 0.259743 0.298654 0.0303484 0.114785 0.596251
9 0.413237 0.358095 0.0499557 0.172264 0.521891
9 0.416993 0.377711 0.0424245 0.127267 0.476123
12 0.0342371 0.547573 0.0257616 0.0641867 0.447779
2 0.00764332 0.492569 0.0151581 0.0546238 0.308686
9 0.421695 0.371927 0.0325068 0.118838 0.281986
