2 0.697336 0.798627 0.0626518 0.0374094 0.829997
2 0.305871 0.818286 0.111837 0.0616697 0.736854
2 0.656192 0.79412 0.0298169 0.0188295 0.683115
2 0.363137 0.811135 0.0589911 0.0563938 0.658322
2 0.432195 0.807178 0.0863553 0.0403092 0.636738
2 0.522314 0.799984 0.0531352 0.0270215 0.586345
2 0.555007 0.79729 0.0338941 0.0221998 0.525001
2 0.347812 0.811546 0.0913364 0.0608517 0.392427
2 0.482685 0.80079 0.0239861 0.0262751 0.391452
9 0.439158 0.220299 0.0545725 0.0849303 0.38487
2 0.533397 0.798785 0.0716971 0.0245478 0.36427
9 0.402153 0.221747 0.131882 0.0965874 0.309466
