2 0.363786 0.94897 0.144332 0.097818 0.901701
2 0.20395 0.956509 0.191145 0.0861114 0.867167
2 0.559492 0.919635 0.0892918 0.0737328 0.787237
2 0.482154 0.931168 0.1177 0.0829133 0.779158
2 0.63952 0.970416 0.184817 0.0582939 0.760453
33 0.490559 0.146165 0.0536832 0.0867127 0.736967
33 0.518207 0.54498 0.0658293 0.111623 0.634854
33 0.794372 0.697829 0.0412189 0.0535927 0.62838
2 0.0279177 0.97428 0.0556623 0.0505272 0.591836
2 0.901616 0.987443 0.17898 0.0242477 0.48257
33 0.891376 0.0362732 0.212884 0.0722359 0.431552
33 0.541312 0.500574 0.0181097 0.019943 0.340009
33 0.737895 0.226474 0.0435251 0.0423088 0.334355
33 0.605087 0.251004 0.026034 0.0361986 0.285819
33 0.381683 0.32794 0.0121801 0.0111708 0.253592
