7 0.439844 0.641238 0.240616 0.136447 0.864263
9 0.659989 0.197813 0.0290524 0.12831 0.838566
9 0.527402 0.351217 0.023288 0.0725343 0.776098
9 0.488471 0.410939 0.0311861 0.0950464 0.750198
9 0.700539 0.24695 0.0273291 0.0707999 0.608775
9 0.43033 0.450582 0.0207561 0.057294 0.591371
2 0.593021 0.665074 0.0401043 0.0305148 0.549275
9 0.541112 0.424775 0.0184649 0.0482108 0.518553
9 0.53369 0.424821 0.032712 0.0497178 0.49815
9 0.731155 0.239574 0.0256655 0.0768074 0.48825
9 0.356601 0.515066 0.0124157 0.0319478 0.458156
9 0.455417 0.43589 0.0208447 0.0597084 0.437615
9 0.523674 0.426443 0.0167725 0.0468521 0.362036
9 0.726317 0.241375 0.0352175 0.0817749 0.271128
2 0.565764 0.665249 0.0259882 0.0346696 0.270548
2 0.698699 0.708787 0.0980661 0.199521 0.262437
