0 0.372673 0.346681 0.241199 0.513492 0.893201
0 0.76125 0.546443 0.371007 0.889548 0.873492
56 0.562305 0.493888 0.0978847 0.0951184 0.867114
0 0.897602 0.289864 0.0775234 0.251885 0.78406
60 0.382046 0.746671 0.694368 0.492746 0.776974
56 0.276285 0.63357 0.148903 0.126878 0.751099
43 0.43436 0.484358 0.123572 0.032787 0.671817
55 0.445273 0.845185 0.0949759 0.0901715 0.62165
55 0.489481 0.66392 0.235513 0.174703 0.592188
55 0.239397 0.860404 0.055727 0.0891756 0.471913
0 0.512625 0.223461 0.0422533 0.0806817 0.423126
56 0.881972 0.404356 0.0538425 0.148599 0.4162
56 0.533818 0.391098 0.0580957 0.137434 0.411664
0 0.512177 0.258686 0.0460458 0.149747 0.402157
56 0.371601 0.578929 0.0748648 0.10559 0.392024
55 0.545944 0.797689 0.0441853 0.073516 0.367444
55 0.154473 0.774957 0.0630725 0.0700287 0.289082
56 0.467915 0.406589 0.0365338 0.139568 0.267934
74 0.0404217 0.0334907 0.063427 0.0662301 0.256932
56 0.91616 0.570361 0.0304678 0.0672428 0.254963
