5 0.544597 0.721703 0.47175 0.21709 0.941048
5 0.833112 0.681642 0.14446 0.110312 0.873676
0 0.153271 0.770004 0.0581583 0.13717 0.833095
2 0.850536 0.760435 0.16855 0.0911926 0.796884
0 0.283059 0.752778 0.0396559 0.128499 0.796534
2 0.948723 0.746915 0.101532 0.0699053 0.690571
9 0.255771 0.615272 0.0245373 0.0511934 0.614237
9 0.217242 0.611849 0.018047 0.0588248 0.597341
2 0.657685 0.774212 0.269378 0.117643 0.481285
5 0.836472 0.716449 0.152736 0.179916 0.401605
7 0.659974 0.774006 0.275273 0.117531 0.374379
