0 0.668427 0.737289 0.241207 0.230431 0.865551
2 0.824462 0.581235 0.257467 0.0786098 0.858516
0 0.564178 0.732957 0.167002 0.222782 0.838838
0 0.0858083 0.632751 0.0872726 0.262035 0.799449
0 0.336524 0.689262 0.186067 0.177233 0.740594
0 0.668088 0.560325 0.028921 0.0626041 0.718453
0 0.596603 0.563395 0.0320196 0.0618112 0.686045
2 0.358328 0.565597 0.134999 0.0480944 0.675621
0 0.824032 0.760372 0.293234 0.111915 0.675618
24 0.174945 0.705258 0.0703608 0.0640392 0.652963
2 0.257909 0.566436 0.10066 0.0435595 0.643465
24 0.0359578 0.592154 0.0715667 0.0825812 0.560677
0 0.262052 0.680656 0.187159 0.18011 0.525111
0 0.737765 0.549143 0.0389901 0.0364246 0.490082
0 0.840865 0.537017 0.041705 0.0266382 0.432855
1 0.182739 0.614008 0.139123 0.0612707 0.386049
13 0.797804 0.828231 0.29143 0.119422 0.303092
0 0.342479 0.614213 0.0586824 0.0555144 0.281239
