19 0.58349 0.584828 0.53397 0.589189 0.941081
0 0.068264 0.480267 0.0911894 0.325575 0.876482
0 0.176705 0.461879 0.0863194 0.333876 0.851985
0 0.981963 0.464028 0.0353046 0.21577 0.690108
0 0.318115 0.384131 0.0266972 0.136332 0.658352
0 0.339034 0.340665 0.0225105 0.0521757 0.637509
0 0.894256 0.401435 0.0195488 0.086443 0.608455
0 0.25209 0.377751 0.029444 0.109916 0.567478
0 0.276512 0.388212 0.0296907 0.132925 0.563634
0 0.128895 0.463143 0.0361374 0.236806 0.563496
2 0.228288 0.432356 0.0649574 0.116045 0.541436
0 0.360017 0.338107 0.0248652 0.0371774 0.526554
0 0.286842 0.3887 0.0240827 0.133216 0.460063
0 0.391935 0.335671 0.0224345 0.031057 0.456279
7 0.0752629 0.389817 0.150526 0.31926 0.432583
7 0.130548 0.382686 0.260054 0.309757 0.297374
0 0.290552 0.38616 0.0175935 0.124674 0.282147
