2 0.12794 0.480814 0.155832 0.078549 0.8759
49 0.376846 0.491338 0.338196 0.502736 0.860158
2 0.624098 0.489802 0.0569274 0.053818 0.779968
7 0.811653 0.463444 0.135545 0.124184 0.768794
2 0.0281384 0.48386 0.0558537 0.0677322 0.744203
2 0.571614 0.479448 0.0602854 0.0784578 0.630111
2 0.674324 0.484513 0.0660714 0.0601905 0.544308
2 0.726803 0.486683 0.0420323 0.0562172 0.471168
2 0.961613 0.497236 0.034795 0.036658 0.469352
2 0.573005 0.492578 0.0577826 0.0534362 0.351538
2 0.734703 0.485215 0.0574514 0.0563946 0.275858
2 0.927623 0.501741 0.0275627 0.0323148 0.271098
