13 0.271775 0.837225 0.541047 0.324155 0.757183
0 0.268349 0.703614 0.301621 0.582968 0.694905
0 0.042778 0.597212 0.085298 0.250387 0.551261
2 0.447637 0.256706 0.145746 0.082032 0.43674
2 0.387798 0.207112 0.208187 0.0993216 0.398794
2 0.500664 0.2621 0.249806 0.0928678 0.386787
0 0.735945 0.272897 0.0432599 0.0810537 0.354643
2 0.733215 0.204521 0.117228 0.0651595 0.312626
0 0.169585 0.25441 0.0602712 0.0761273 0.309508
25 0.0334868 0.153573 0.0665891 0.0785765 0.274543
2 0.247961 0.222544 0.222461 0.0985116 0.264674
58 0.844451 0.605632 0.302805 0.62998 0.251059
