0 0.694113 0.64698 0.138297 0.695981 0.87267
0 0.497489 0.617078 0.172712 0.666716 0.861352
0 0.431884 0.256354 0.0858425 0.14717 0.7581
0 0.752429 0.258991 0.119888 0.199664 0.752954
0 0.363542 0.272571 0.0663255 0.10682 0.693325
0 0.131974 0.263808 0.102721 0.13524 0.672787
0 0.206359 0.264437 0.0683373 0.134025 0.633399
0 0.20495 0.63575 0.136725 0.647556 0.616817
0 0.744872 0.402074 0.0846718 0.26616 0.611027
0 0.631814 0.164019 0.0609983 0.321313 0.582633
0 0.0654538 0.64716 0.130908 0.697945 0.55141
0 0.580991 0.163496 0.0647947 0.319518 0.49753
0 0.914298 0.253569 0.0776852 0.199954 0.446991
0 0.834914 0.0612386 0.0929119 0.12244 0.358856
0 0.866138 0.280301 0.0558331 0.147125 0.347508
0 0.743842 0.359687 0.0840135 0.183699 0.319517
38 0.705515 0.825567 0.106479 0.117952 0.264121
0 0.127152 0.172724 0.0702926 0.12903 0.256316
