46 0.769644 0.352953 0.33712 0.22807 0.745688
46 0.22361 0.716653 0.382143 0.399695 0.716678
46 0.24604 0.259317 0.384471 0.413542 0.673468
49 0.19273 0.2224 0.105751 0.116593 0.60215
47 0.209944 0.108181 0.0959649 0.136617 0.591277
47 0.117286 0.129737 0.107521 0.176947 0.437159
0 0.821169 0.815567 0.295852 0.286801 0.392344
46 0.40395 0.258306 0.272559 0.417005 0.377578
46 0.328155 0.255322 0.427932 0.424955 0.374585
47 0.0913147 0.264892 0.102757 0.16978 0.36661
47 0.309789 0.0868324 0.106536 0.0910229 0.29723
46 0.656234 0.825785 0.349553 0.243824 0.250251
