2 0.835476 0.886324 0.30701 0.191221 0.890724
2 0.563055 0.781376 0.170704 0.0822328 0.753615
2 0.681652 0.775493 0.155139 0.069275 0.737246
2 0.371032 0.901476 0.616128 0.16808 0.730994
2 0.882747 0.768926 0.180207 0.0647275 0.677456
2 0.170048 0.799682 0.157487 0.0739864 0.669925
7 0.362355 0.772112 0.238206 0.14696 0.619309
2 0.768671 0.74964 0.0906385 0.0370906 0.496389
2 0.94463 0.73096 0.0827606 0.0324551 0.484756
2 0.217918 0.733398 0.0442771 0.0289229 0.456802
2 0.229814 0.73402 0.0669048 0.0286225 0.372323
2 0.271506 0.735766 0.0364074 0.0241081 0.363823
0 0.352915 0.76975 0.023804 0.0734169 0.280785
2 0.361775 0.772581 0.240733 0.150394 0.272753
2 0.0367245 0.809719 0.0528729 0.0573291 0.267491
2 0.944756 0.7434 0.0867683 0.0572597 0.262988
2 0.620642 0.735238 0.0590742 0.0272126 0.260181
