0 0.630174 0.564477 0.286444 0.726366 0.834958
0 0.430018 0.543865 0.0791908 0.0881147 0.711288
0 0.510066 0.437803 0.0751204 0.10396 0.66369
56 0.174925 0.504118 0.067273 0.041065 0.53766
0 0.0378221 0.473436 0.0744933 0.097553 0.437556
56 0.464553 0.504857 0.0538342 0.0405922 0.435609
56 0.24234 0.50628 0.070788 0.0442289 0.421795
0 0.168435 0.435235 0.083443 0.0931512 0.418233
56 0.522645 0.504425 0.0662287 0.0386134 0.399068
38 0.248524 0.115954 0.21428 0.210815 0.397433
0 0.0914212 0.34381 0.0800261 0.114864 0.385113
0 0.130742 0.536566 0.0792436 0.0984005 0.37448
0 0.10866 0.47361 0.0696627 0.0936987 0.367996
56 0.527949 0.172708 0.0499329 0.0332979 0.356916
0 0.48987 0.182647 0.0531104 0.048448 0.328829
56 0.427686 0.170606 0.0448069 0.0285724 0.326681
0 0.593807 0.185847 0.061371 0.0652191 0.304062
0 0.0591644 0.536608 0.0707903 0.0962112 0.277712
0 0.461998 0.112212 0.0572298 0.0954469 0.274364
56 0.0272511 0.40754 0.049382 0.0366739 0.270247
0 0.448461 0.436488 0.0601745 0.0991319 0.260249
56 0.428766 0.0544198 0.0506365 0.0272414 0.259738
0 0.0941742 0.425313 0.0776257 0.0877558 0.258479
56 0.232277 0.455681 0.0543828 0.0357096 0.256954
