0 0.189929 0.647639 0.0458819 0.187163 0.80251
0 0.132312 0.643588 0.042903 0.191503 0.766719
2 0.396106 0.613035 0.0588297 0.0574811 0.766066
2 0.306854 0.613416 0.0494903 0.0587005 0.742564
2 0.887445 0.639254 0.157046 0.103745 0.736818
2 0.514547 0.617661 0.0475096 0.0600835 0.673881
2 0.614097 0.611922 0.0475072 0.0584194 0.640581
2 0.485895 0.616619 0.0371333 0.0579248 0.494952
2 0.501266 0.617095 0.0684469 0.0590027 0.460975
2 0.457727 0.610735 0.029612 0.0435883 0.428578
2 0.433135 0.607335 0.016679 0.0258664 0.424525
9 0.628649 0.496293 0.0109085 0.0495045 0.423198
2 0.467954 0.612816 0.0280581 0.047968 0.394643
7 0.570105 0.606537 0.0505066 0.0671169 0.389189
9 0.314431 0.514621 0.00975285 0.0262354 0.372043
2 0.439903 0.610181 0.0181509 0.0290246 0.356445
0 0.159098 0.63501 0.0258285 0.11885 0.354412
2 0.569564 0.606676 0.0477987 0.0676788 0.324753
0 0.708417 0.618799 0.0116331 0.0538698 0.289005
2 0.474939 0.613792 0.0232435 0.0491674 0.288575
