0 0.243707 0.528159 0.34622 0.922799 0.927378
29 0.679814 0.302796 0.0870672 0.0510878 0.904965
0 0.725717 0.447259 0.185072 0.713919 0.896743
0 0.871537 0.432121 0.123021 0.44198 0.888064
0 0.504153 0.428589 0.0925683 0.201388 0.85365
0 0.0166217 0.418789 0.0331228 0.175306 0.758471
0 0.434867 0.439983 0.0747156 0.169807 0.659742
0 0.0985956 0.677767 0.103556 0.608846 0.63724
2 0.0435272 0.365942 0.0866721 0.202718 0.623196
29 0.915794 0.442787 0.041399 0.0503831 0.585969
0 0.529347 0.376828 0.0290755 0.124152 0.578159
0 0.561334 0.351778 0.0171905 0.0651303 0.521125
0 0.585906 0.346322 0.0226221 0.0746377 0.502613
0 0.0837195 0.661308 0.0746277 0.573833 0.454384
0 0.365177 0.360294 0.0334563 0.102249 0.411131
29 0.788805 0.361812 0.0641056 0.0414648 0.384711
0 0.465049 0.352317 0.0209907 0.069346 0.375102
0 0.622104 0.338884 0.0185003 0.0779499 0.371539
13 0.0524094 0.444197 0.0548876 0.0578239 0.35809
29 0.446458 0.397689 0.0490973 0.0672406 0.340283
0 0.136259 0.33207 0.0189811 0.0506614 0.325523
0 0.0799047 0.556987 0.064954 0.356866 0.254378
