32 0.398224 0.701536 0.0366961 0.0558699 0.953241
0 0.728266 0.587026 0.166834 0.388393 0.911958
0 0.892241 0.48304 0.155657 0.35132 0.908506
0 0.593766 0.553861 0.200838 0.375948 0.893078
0 0.839551 0.45915 0.0547863 0.242886 0.551427
0 0.327035 0.330245 0.0210219 0.0981733 0.505691
0 0.158748 0.248477 0.0240563 0.0786697 0.486503
0 0.0456677 0.229321 0.019781 0.0595637 0.43583
2 0.168325 0.241322 0.103559 0.0695505 0.423731
0 0.980107 0.292769 0.0228163 0.0839309 0.389725
0 0.41826 0.335668 0.0305857 0.100463 0.335986
0 0.35627 0.328299 0.0192644 0.0788817 0.334883
0 0.0746625 0.232445 0.0270642 0.0648542 0.325732
0 0.415781 0.32485 0.0213541 0.081223 0.325215
0 0.462068 0.269698 0.0314418 0.077209 0.324399
2 0.592559 0.277151 0.0965401 0.0653009 0.323922
0 0.248198 0.356673 0.0273272 0.0415697 0.30668
13 0.632885 0.363927 0.112434 0.0549299 0.297688
2 0.182027 0.240695 0.0795699 0.07615 0.297311
2 0.527148 0.235494 0.0724091 0.048132 0.273656
0 0.461893 0.352853 0.0225697 0.0691372 0.263577
0 0.446331 0.331592 0.0224161 0.0961607 0.250874
