16 0.787737 0.333926 0.314327 0.414898 0.947444
0 0.744506 0.764854 0.0971565 0.16576 0.846412
0 0.048327 0.795051 0.0954924 0.100651 0.818661
0 0.836963 0.766865 0.129707 0.16133 0.788466
2 0.532815 0.773014 0.37264 0.155053 0.777443
0 0.953109 0.772609 0.0925938 0.14949 0.708872
7 0.0959793 0.563054 0.191003 0.17106 0.545224
2 0.156039 0.735341 0.312078 0.217839 0.525998
2 0.333336 0.755715 0.228421 0.172959 0.520189
2 0.371189 0.66999 0.188423 0.0668885 0.374847
0 0.593367 0.800518 0.083654 0.0924987 0.357663
0 0.0124124 0.75388 0.0247483 0.109112 0.332086
2 0.832036 0.761732 0.266968 0.138363 0.277221
2 0.299518 0.754832 0.161748 0.171546 0.266412
