0 0.561895 0.487512 0.214007 0.613691 0.896765
0 0.382669 0.506866 0.19612 0.445617 0.833279
0 0.184884 0.340671 0.0609055 0.156747 0.799966
0 0.259633 0.336251 0.0565941 0.156879 0.726776
34 0.679886 0.387614 0.153242 0.0822386 0.663701
0 0.303822 0.331477 0.0510565 0.150449 0.622534
0 0.134047 0.268729 0.0486824 0.0924385 0.558779
0 0.0772565 0.351472 0.0669564 0.148673 0.542719
0 0.129855 0.342949 0.0505664 0.154296 0.520319
0 0.075135 0.272388 0.0717442 0.107908 0.439681
2 0.680914 0.301057 0.0751015 0.0615929 0.432855
0 0.320835 0.257264 0.0378656 0.0877733 0.379445
2 0.220379 0.310926 0.0531804 0.0557601 0.343104
2 0.873727 0.293497 0.0578415 0.0600749 0.308503
