2 0.889125 0.733864 0.220842 0.526654 0.921403
0 0.520055 0.656516 0.1274 0.450841 0.866921
2 0.347811 0.469097 0.125247 0.0992329 0.860017
0 0.699781 0.517935 0.0405838 0.179315 0.840268
0 0.434187 0.666637 0.110157 0.466691 0.833974
0 0.624238 0.520702 0.0436781 0.180173 0.789937
2 0.1124 0.450659 0.0973105 0.0954102 0.755594
26 0.496457 0.580561 0.0955002 0.184828 0.725013
1 0.505085 0.786543 0.0637211 0.239551 0.718441
0 0.250768 0.43037 0.0288615 0.0920962 0.709584
0 0.215387 0.434881 0.0283463 0.0904655 0.573038
0 0.528835 0.438907 0.0321033 0.0768891 0.471865
24 0.359005 0.621942 0.0631884 0.149657 0.399038
0 0.555758 0.440452 0.0309855 0.0710841 0.380308
0 0.198444 0.387062 0.0217269 0.0567278 0.318634
9 0.142745 0.291729 0.0203386 0.0715129 0.274253
0 0.19869 0.398093 0.0204055 0.0776059 0.273848
2 0.0101628 0.378121 0.0202999 0.027228 0.262117
0 0.118007 0.370858 0.0164092 0.0534776 0.256801
