2 0.078563 0.798664 0.154835 0.196092 0.882567
0 0.502885 0.835095 0.0939474 0.276941 0.878934
0 0.746717 0.848314 0.101195 0.287721 0.859039
2 0.919319 0.804682 0.0909805 0.128305 0.839966
2 0.974774 0.811835 0.0495522 0.168523 0.824397
2 0.255094 0.757784 0.0565684 0.125502 0.816649
0 0.841767 0.827404 0.0597591 0.199809 0.811464
2 0.503011 0.819815 0.150157 0.180814 0.784983
0 0.698114 0.848669 0.0622019 0.25687 0.756566
5 0.497303 0.653867 0.147057 0.299461 0.720548
2 0.0210712 0.846363 0.0418794 0.163191 0.691031
2 0.186724 0.768279 0.107113 0.157794 0.687086
2 0.294309 0.747613 0.0441288 0.100748 0.62365
2 0.80696 0.767981 0.0608334 0.105875 0.475519
0 0.630041 0.74727 0.0212126 0.0643208 0.474205
2 0.690565 0.748214 0.0451576 0.0675434 0.453816
2 0.662397 0.737812 0.0381325 0.0661752 0.420106
2 0.316782 0.743819 0.031014 0.0930106 0.414505
2 0.683848 0.748902 0.0291389 0.0685729 0.413646
2 0.60109 0.727317 0.0306038 0.0418336 0.370018
2 0.837171 0.780279 0.0598932 0.108688 0.360479
2 0.807414 0.752989 0.057658 0.0689212 0.286358
2 0.603957 0.732306 0.0350103 0.0491116 0.278709
2 0.668361 0.741805 0.0349054 0.0674604 0.268363
