0 0.155432 0.632588 0.0557653 0.196404 0.872831
0 0.613825 0.659563 0.089896 0.214264 0.864823
0 0.439049 0.643892 0.0601395 0.205534 0.864352
0 0.969436 0.752168 0.0602707 0.327801 0.850133
0 0.764607 0.664287 0.0717638 0.266696 0.777884
0 0.832384 0.641974 0.0244473 0.0946108 0.558597
2 0.945862 0.595922 0.10651 0.1036 0.555454
0 0.718356 0.642159 0.0275459 0.0930109 0.469678
29 0.603082 0.295958 0.048472 0.0253597 0.417961
2 0.0525854 0.610766 0.0804466 0.0665872 0.417734
0 0.798166 0.652566 0.0511561 0.241928 0.413913
0 0.800247 0.587775 0.0467657 0.113022 0.308436
0 0.668775 0.646335 0.0139235 0.0752185 0.300581
