0 0.619658 0.449232 0.69489 0.593279 0.807149
0 0.327242 0.318321 0.548648 0.63398 0.800433
0 0.684629 0.0934912 0.171368 0.149506 0.645264
47 0.410083 0.754761 0.177771 0.11229 0.644021
39 0.928096 0.870316 0.143808 0.258737 0.552017
49 0.45764 0.936556 0.273784 0.126122 0.521924
47 0.153258 0.97393 0.233075 0.0513828 0.450261
49 0.748443 0.845525 0.217467 0.152694 0.431522
49 0.582004 0.722855 0.198801 0.125861 0.417538
47 0.411432 0.663888 0.143702 0.0907736 0.394215
49 0.231885 0.7796 0.185847 0.122162 0.383765
47 0.0991387 0.94017 0.196259 0.118744 0.36309
49 0.476698 0.625347 0.147219 0.0905233 0.320966
47 0.475706 0.849669 0.197479 0.0972908 0.291222
49 0.564411 0.841887 0.166303 0.129086 0.258538
