0 0.558122 0.516891 0.673753 0.945675 0.910992
0 0.2827 0.345688 0.223818 0.686664 0.90297
0 0.936111 0.564072 0.126867 0.807463 0.867538
0 0.178669 0.231444 0.135701 0.458021 0.815953
0 0.42869 0.313617 0.185213 0.566098 0.779034
0 0.751438 0.178286 0.115301 0.247885 0.759966
0 0.0659754 0.13052 0.0738722 0.259981 0.754526
0 0.860993 0.323743 0.105173 0.388948 0.562531
0 0.564076 0.828763 0.182738 0.333374 0.522398
0 0.0228059 0.110275 0.045361 0.217887 0.469229
0 0.143146 0.157397 0.110195 0.314794 0.433852
