2 0.598499 0.712926 0.39017 0.474671 0.940516
9 0.292637 0.11757 0.0370618 0.111528 0.882853
9 0.892925 0.220105 0.0698543 0.175474 0.853251
10 0.952619 0.709184 0.0435467 0.11761 0.817239
2 0.955936 0.544787 0.0872532 0.0918685 0.761487
2 0.362755 0.59296 0.0508456 0.0496868 0.688035
9 0.645972 0.367854 0.0296577 0.0816921 0.684394
2 0.0288364 0.775431 0.0572749 0.21724 0.648119
2 0.150287 0.59657 0.299577 0.388148 0.584664
7 0.150416 0.596126 0.300273 0.390908 0.516632
0 0.8223 0.596924 0.0269282 0.10998 0.490466
9 0.826661 0.478744 0.037138 0.0607116 0.395129
0 0.784426 0.598192 0.0386458 0.112411 0.348605
9 0.858705 0.416337 0.0180244 0.0583773 0.269437
2 0.0142694 0.474295 0.0283923 0.0890118 0.266741
