0 0.204172 0.576519 0.105876 0.31151 0.888899
0 0.359664 0.62479 0.0847446 0.402574 0.851217
5 0.470084 0.480774 0.939848 0.469598 0.832301
0 0.703484 0.58284 0.0687 0.350796 0.778967
0 0.62694 0.586441 0.0643721 0.337522 0.77103
0 0.459297 0.622213 0.0669424 0.355075 0.729227
0 0.764597 0.571831 0.0587313 0.287751 0.722022
0 0.949135 0.569153 0.0891434 0.295894 0.711378
0 0.52028 0.632437 0.0857166 0.40998 0.654332
26 0.341625 0.697163 0.0689749 0.107574 0.635977
24 0.801161 0.528185 0.0440319 0.117099 0.616466
0 0.844974 0.568426 0.0505856 0.271826 0.553977
0 0.811816 0.567776 0.0591967 0.280294 0.514989
0 0.55106 0.597542 0.0544659 0.364392 0.504588
26 0.597761 0.68009 0.03207 0.081603 0.480538
0 0.835593 0.565764 0.0654392 0.282278 0.435564
0 0.981428 0.568523 0.0364126 0.227921 0.394919
0 0.540298 0.615067 0.0705699 0.399517 0.350993
0 0.137804 0.41696 0.0327793 0.041863 0.340163
0 0.670886 0.567061 0.0407821 0.283466 0.307113
26 0.98076 0.621644 0.0374914 0.115535 0.293187
24 0.811213 0.531402 0.0597377 0.116099 0.26061
