0 0.328567 0.607044 0.285659 0.78285 0.935431
0 0.672608 0.63836 0.255979 0.718765 0.92435
39 0.18679 0.868822 0.0271748 0.0973864 0.784372
57 0.129035 0.810525 0.2567 0.373756 0.780364
65 0.401301 0.431813 0.0546951 0.13076 0.567037
57 0.879063 0.688651 0.240937 0.279652 0.461958
65 0.387404 0.389452 0.0268053 0.0444593 0.449375
65 0.304067 0.438789 0.0379172 0.17985 0.437827
56 0.0140538 0.951365 0.0279475 0.0967442 0.302846
0 0.75147 0.638958 0.093828 0.514384 0.282345
65 0.302349 0.412064 0.0317898 0.126988 0.26128
41 0.903673 0.688328 0.0289818 0.0532911 0.258369
