0 0.668431 0.737281 0.240784 0.230406 0.865822
2 0.826282 0.581787 0.25225 0.0768912 0.846824
0 0.564147 0.732991 0.16699 0.222785 0.839499
0 0.0858328 0.632771 0.087158 0.262003 0.797866
0 0.336549 0.689274 0.18603 0.177253 0.743395
0 0.668075 0.560346 0.0289073 0.0626038 0.714061
0 0.596605 0.563404 0.0320224 0.061828 0.68285
0 0.824127 0.760384 0.293102 0.112007 0.675607
2 0.358383 0.565608 0.135074 0.0481077 0.67265
24 0.174961 0.705291 0.0704076 0.0640126 0.655846
2 0.257927 0.566409 0.10062 0.0434918 0.640747
24 0.0359654 0.592151 0.0715895 0.0826467 0.562746
0 0.262167 0.680671 0.18692 0.180064 0.533727
0 0.737749 0.549206 0.0393036 0.0365361 0.461199
1 0.182689 0.614068 0.139124 0.0612803 0.374992
0 0.841243 0.536853 0.0418165 0.0264357 0.354257
13 0.798504 0.828287 0.289693 0.119262 0.301838
0 0.342441 0.614222 0.0585959 0.0555773 0.280279
