0 0.607639 0.755792 0.0905731 0.242629 0.893589
0 0.205999 0.736135 0.0890087 0.298249 0.865056
0 0.502856 0.727331 0.101499 0.306075 0.839099
0 0.853828 0.745523 0.0567287 0.269971 0.818273
29 0.383875 0.542547 0.032975 0.018966 0.78039
0 0.447313 0.718999 0.0906795 0.332847 0.777231
0 0.386877 0.714916 0.0832157 0.321744 0.763154
0 0.549497 0.756938 0.0478392 0.214699 0.756635
0 0.341392 0.708369 0.0719746 0.290013 0.74302
2 0.803129 0.778603 0.0730122 0.0544228 0.59386
2 0.90585 0.779265 0.0711975 0.0513931 0.58456
0 0.302599 0.752304 0.0431319 0.107337 0.454493
2 0.979844 0.787016 0.039439 0.0375557 0.371973
0 0.311632 0.779177 0.0318643 0.163679 0.333026
0 0.306555 0.762609 0.0355204 0.132789 0.289978
