2 0.666072 0.432579 0.0384897 0.046702 0.843301
2 0.41694 0.766094 0.0922584 0.158272 0.796876
2 0.89479 0.578514 0.115077 0.12808 0.783539
2 0.070175 0.622598 0.139706 0.130043 0.759746
2 0.790159 0.498837 0.0723254 0.0760324 0.744596
2 0.715311 0.425631 0.0337692 0.0440459 0.687527
2 0.918917 0.75863 0.161425 0.25574 0.604682
2 0.484658 0.426104 0.0296139 0.040749 0.579724
2 0.742275 0.401453 0.0299224 0.0346776 0.576708
2 0.538385 0.44784 0.0623453 0.0652318 0.539177
7 0.798846 0.606708 0.1203 0.141264 0.512027
2 0.984634 0.653751 0.0299194 0.113439 0.496462
2 0.798975 0.608086 0.122051 0.136404 0.439751
7 0.604492 0.596138 0.105241 0.169483 0.422372
7 0.694692 0.385052 0.0326044 0.0513507 0.398629
2 0.746684 0.461045 0.0338566 0.0560279 0.395374
7 0.693607 0.376255 0.0356774 0.0654517 0.364091
2 0.928311 0.429712 0.0791466 0.0795482 0.32818
2 0.937084 0.433497 0.0552204 0.0701064 0.323416
7 0.60294 0.765552 0.16289 0.230244 0.32145
2 0.741509 0.458948 0.0458762 0.0583267 0.306074
2 0.717594 0.431054 0.0349719 0.0362313 0.290287
2 0.456081 0.475891 0.0467581 0.0376228 0.2834
