0 0.191569 0.599687 0.382541 0.797273 0.877467
0 0.44616 0.392599 0.174507 0.314443 0.853949
0 0.669057 0.622867 0.367691 0.751296 0.853737
56 0.857437 0.827705 0.166169 0.344114 0.823767
0 0.857302 0.357097 0.200455 0.329876 0.814547
56 0.0850905 0.894618 0.169472 0.210073 0.806423
0 0.817509 0.580583 0.348319 0.766379 0.767591
41 0.448594 0.587247 0.0571545 0.14289 0.756443
0 0.269403 0.427656 0.123671 0.340716 0.69922
45 0.511352 0.539092 0.0720853 0.0705925 0.576785
41 0.525189 0.478089 0.0374947 0.0617682 0.447081
41 0.482891 0.48373 0.0478929 0.0666916 0.385285
60 0.430392 0.737224 0.25012 0.513323 0.359216
0 0.276032 0.600803 0.549343 0.797495 0.310917
56 0.967846 0.581665 0.0636192 0.136326 0.296597
45 0.513016 0.552143 0.0693895 0.0458211 0.280809
40 0.374932 0.573752 0.0375755 0.131852 0.270576
