0 0.212298 0.50641 0.358351 0.751707 0.91298
0 0.529778 0.401283 0.215479 0.564517 0.899491
0 0.844574 0.504183 0.207628 0.235397 0.864359
39 0.695193 0.772118 0.0915596 0.275675 0.859728
39 0.829303 0.677005 0.0725542 0.17302 0.799591
60 0.526811 0.781679 0.945465 0.43343 0.566058
39 0.699847 0.393611 0.0479805 0.159102 0.557277
53 0.300431 0.821317 0.118132 0.171497 0.542426
45 0.584577 0.721444 0.166954 0.212966 0.534563
0 0.806074 0.395167 0.0647854 0.118397 0.524181
0 0.968355 0.523083 0.062561 0.287058 0.523881
0 0.642785 0.324298 0.100441 0.274179 0.521789
58 0.857263 0.161287 0.117057 0.134473 0.50902
69 0.412338 0.558827 0.101428 0.247625 0.439724
45 0.443764 0.874248 0.164473 0.136516 0.412416
58 0.866589 0.161751 0.0881596 0.12414 0.368246
0 0.967684 0.461158 0.063722 0.164116 0.356697
56 0.968492 0.522402 0.0622906 0.286179 0.294822
69 0.671438 0.545538 0.157883 0.155462 0.292512
44 0.505143 0.674138 0.0194878 0.0878064 0.271901
