2 0.467338 0.530935 0.144215 0.0652558 0.894648
0 0.0696971 0.68224 0.139394 0.380182 0.890553
0 0.211084 0.661929 0.150414 0.298969 0.833532
2 0.907101 0.515317 0.185076 0.0629223 0.811872
2 0.626063 0.501173 0.068803 0.031928 0.654191
2 0.760386 0.503137 0.102782 0.0396678 0.653012
2 0.569807 0.494232 0.076827 0.0403483 0.640442
2 0.411452 0.499882 0.0623683 0.0356165 0.59758
2 0.691328 0.499677 0.0685682 0.0394094 0.557985
0 0.249165 0.628226 0.117777 0.266899 0.462701
2 0.738475 0.50201 0.119522 0.0398039 0.257592
