0 0.181955 0.679703 0.0886787 0.28056 0.853972
0 0.0672998 0.713895 0.134364 0.411094 0.825598
28 0.695747 0.777117 0.0540425 0.0812668 0.805115
0 0.797846 0.655208 0.0654287 0.241723 0.760528
0 0.400238 0.63957 0.0388827 0.207262 0.727588
0 0.28073 0.607927 0.0304609 0.102707 0.696997
28 0.0859197 0.897362 0.0977071 0.204541 0.671996
0 0.313585 0.600097 0.0275499 0.0916667 0.600629
0 0.90603 0.605677 0.0397312 0.12822 0.58355
0 0.250044 0.608364 0.0277444 0.106191 0.531978
28 0.700228 0.718841 0.0675011 0.0533045 0.520989
0 0.615945 0.613199 0.0286377 0.121419 0.507222
0 0.14725 0.618991 0.0423636 0.124519 0.467007
28 0.843454 0.744452 0.0444027 0.085394 0.44463
28 0.843393 0.721549 0.0456356 0.133004 0.432338
0 0.678023 0.64485 0.0560244 0.179385 0.423766
26 0.783745 0.627007 0.0459499 0.132842 0.365327
26 0.658673 0.625358 0.0186062 0.0675496 0.363435
0 0.973486 0.638653 0.0342604 0.17405 0.35322
0 0.732837 0.597231 0.0280685 0.100113 0.309781
28 0.0847944 0.945279 0.09672 0.108666 0.288973
26 0.843175 0.743405 0.0446035 0.0861537 0.269221
0 0.340258 0.590979 0.0357519 0.077344 0.255531
