0 0.511917 0.400261 0.138826 0.280147 0.85458
2 0.34736 0.409269 0.0553833 0.150139 0.740526
2 0.922293 0.606463 0.149222 0.173568 0.709497
2 0.12868 0.537268 0.256558 0.902442 0.695775
28 0.470093 0.717826 0.111124 0.147443 0.635215
0 0.619952 0.397414 0.149834 0.200861 0.623215
28 0.569955 0.558116 0.277926 0.182108 0.587918
2 0.811293 0.600174 0.0851532 0.136943 0.566637
2 0.972892 0.626647 0.0533741 0.181767 0.491038
28 0.570601 0.673916 0.102222 0.206393 0.47613
2 0.234395 0.371905 0.219679 0.392933 0.454841
7 0.56457 0.401602 0.331669 0.345079 0.445162
2 0.395907 0.394503 0.0316623 0.0816802 0.406363
0 0.587448 0.399537 0.0843582 0.199355 0.343463
2 0.837244 0.7184 0.324506 0.553559 0.255148
2 0.171921 0.451476 0.343842 0.729563 0.25192
