0 0.471569 0.839552 0.0926557 0.283951 0.888995
9 0.109215 0.544686 0.218386 0.775893 0.833458
9 0.799628 0.413177 0.0548426 0.247575 0.824062
0 0.838281 0.595126 0.0329807 0.167858 0.775501
0 0.515005 0.667294 0.0500458 0.201984 0.762103
0 0.920175 0.514988 0.0281235 0.112686 0.738561
0 0.807437 0.835666 0.0693674 0.320121 0.731538
0 0.767073 0.951312 0.053134 0.0942903 0.724503
0 0.94556 0.524167 0.0239407 0.105972 0.687939
0 0.795244 0.648745 0.0352098 0.187628 0.608243
26 0.831948 0.895646 0.0390285 0.146623 0.594618
0 0.970284 0.503689 0.0230789 0.0921911 0.540415
0 0.89661 0.539173 0.0307383 0.0947454 0.475597
9 0.338796 0.736472 0.144959 0.452535 0.438315
0 0.992624 0.4704 0.0141926 0.0936856 0.404844
0 0.968167 0.492105 0.0278088 0.121584 0.354339
0 0.865987 0.588955 0.0282719 0.125069 0.348854
58 0.758098 0.585819 0.0350355 0.0733424 0.334832
0 0.948729 0.503587 0.0208031 0.146718 0.287142
0 0.867389 0.625005 0.0343912 0.213649 0.28442
58 0.722719 0.580304 0.0349976 0.0800075 0.269822
