0 0.294562 0.692744 0.404902 0.609623 0.839462
0 0.492187 0.675489 0.26819 0.568164 0.812472
0 0.775271 0.220805 0.285529 0.377294 0.76415
0 0.893221 0.52293 0.211818 0.664499 0.70258
0 0.454845 0.375674 0.313268 0.357118 0.6445
0 0.848246 0.613458 0.292477 0.503039 0.642332
0 0.95486 0.144985 0.0890685 0.233975 0.585734
0 0.538542 0.240421 0.295963 0.407727 0.579018
0 0.0950735 0.515398 0.188993 0.965378 0.506765
0 0.157148 0.43683 0.311468 0.873659 0.419062
0 0.258948 0.360972 0.205775 0.37005 0.394865
77 0.233885 0.714772 0.226837 0.259719 0.388719
0 0.369529 0.189473 0.16825 0.26949 0.279283
0 0.265192 0.790637 0.336656 0.417802 0.278767
0 0.383586 0.118867 0.125855 0.127479 0.257845
