0 0.168277 0.741753 0.085531 0.350403 0.876016
0 0.0899155 0.712303 0.0785932 0.36796 0.833593
0 0.560986 0.617249 0.0320389 0.130318 0.793559
2 0.485005 0.594935 0.106494 0.0820192 0.782302
0 0.666048 0.662924 0.036521 0.137698 0.752402
0 0.699991 0.652315 0.0318789 0.143964 0.729835
0 0.0922322 0.888498 0.145215 0.223004 0.713175
0 0.0271032 0.660626 0.0541191 0.28824 0.698039
0 0.875956 0.675181 0.0348297 0.146126 0.671098
0 0.585354 0.637934 0.0356592 0.151927 0.658598
0 0.905579 0.672728 0.0431753 0.158153 0.641661
0 0.879266 0.859684 0.101622 0.26695 0.577597
1 0.734723 0.690999 0.0342864 0.0882985 0.5512
2 0.408591 0.570995 0.0260811 0.036441 0.532055
2 0.694429 0.591354 0.0553228 0.0399822 0.471184
2 0.176302 0.545624 0.0189308 0.0384464 0.469129
2 0.7303 0.59009 0.0286812 0.0373402 0.452974
7 0.215255 0.548701 0.062661 0.12369 0.43214
0 0.691686 0.649284 0.0507799 0.151644 0.363771
1 0.784437 0.792624 0.141986 0.204224 0.351559
1 0.782496 0.732146 0.139453 0.18239 0.33642
26 0.0123881 0.762182 0.0247523 0.106101 0.329487
5 0.215113 0.548681 0.0625299 0.122426 0.327281
2 0.976378 0.931697 0.0464241 0.132812 0.32579
0 0.277788 0.563987 0.013393 0.0514857 0.320914
3 0.97638 0.931763 0.0463572 0.133882 0.30954
0 0.376577 0.57194 0.0160089 0.0762376 0.303402
1 0.782564 0.763078 0.139212 0.126168 0.288642
3 0.313399 0.571252 0.0330285 0.0366329 0.282923
1 0.740892 0.766909 0.0571796 0.103801 0.271361
0 0.159625 0.550705 0.0123305 0.0407788 0.259592
0 0.538141 0.578887 0.0167663 0.0558308 0.258229
3 0.622953 0.608652 0.035977 0.0441737 0.257054
1 0.833795 0.84519 0.0570904 0.183969 0.256898
0 0.379118 0.571816 0.0128679 0.0729247 0.251981
