39 0.218904 0.9354 0.101786 0.127871 0.797009
0 0.508726 0.540155 0.659749 0.919689 0.77242
0 0.0906566 0.500904 0.18047 0.998193 0.756278
0 0.666228 0.283859 0.217162 0.567719 0.755581
0 0.847512 0.271416 0.181768 0.383167 0.751358
0 0.742793 0.202885 0.0825765 0.329864 0.629941
0 0.851164 0.588297 0.296176 0.82022 0.617086
0 0.796289 0.229521 0.0745683 0.206049 0.543745
0 0.273408 0.41495 0.267809 0.770871 0.531082
0 0.799362 0.202172 0.0704521 0.155118 0.283575
56 0.851675 0.566982 0.295511 0.862195 0.277682
