0 0.430467 0.53493 0.219069 0.676389 0.905637
0 0.220288 0.406367 0.194564 0.392985 0.884741
24 0.708096 0.701852 0.118246 0.180768 0.718084
2 0.344988 0.337751 0.070695 0.0995876 0.627152
2 0.757957 0.414494 0.483732 0.459767 0.60787
28 0.369095 0.672502 0.233547 0.330785 0.604841
28 0.712035 0.58124 0.116241 0.228515 0.587454
2 0.3546 0.339833 0.0494167 0.0938446 0.476989
24 0.632068 0.705472 0.0824258 0.161047 0.282982
2 0.278015 0.320438 0.0615029 0.0695327 0.281643
28 0.556902 0.714344 0.0703442 0.128592 0.269098
