0 0.423374 0.517794 0.355704 0.960688 0.927287
0 0.156381 0.607449 0.30457 0.785102 0.893038
39 0.91955 0.153567 0.0319092 0.105533 0.75023
39 0.773187 0.199771 0.0277302 0.101609 0.74497
39 0.747638 0.209981 0.0258066 0.0955492 0.714786
0 0.945396 0.559936 0.108136 0.466017 0.696215
39 0.892099 0.162907 0.0277493 0.0904493 0.659229
40 0.866086 0.698468 0.156271 0.290164 0.627595
39 0.702467 0.540456 0.0211336 0.108736 0.623841
39 0.721057 0.540435 0.0195204 0.109984 0.591478
39 0.706685 0.707068 0.0185328 0.0898619 0.561231
39 0.717859 0.538649 0.0222397 0.117704 0.536907
39 0.72269 0.70928 0.0208813 0.094084 0.533647
39 0.773066 0.539189 0.0198379 0.116906 0.480141
39 0.737239 0.541672 0.0186757 0.112258 0.477364
39 0.751376 0.537174 0.0221124 0.119837 0.475076
39 0.746628 0.537813 0.0252113 0.118846 0.469058
40 0.785353 0.697965 0.0449207 0.147255 0.411394
39 0.742215 0.540754 0.0244671 0.112809 0.409389
39 0.73376 0.386914 0.0171804 0.113625 0.408046
39 0.717689 0.387285 0.0188446 0.115184 0.399429
39 0.755643 0.539129 0.0162221 0.116231 0.386242
39 0.740604 0.710814 0.0194561 0.0986053 0.363821
39 0.743679 0.384459 0.0188938 0.114726 0.36334
39 0.759922 0.378909 0.0197828 0.119381 0.359324
40 0.78365 0.712054 0.0393436 0.115499 0.345256
39 0.76776 0.538579 0.0213442 0.116433 0.323181
0 0.246369 0.616836 0.118611 0.750522 0.299696
39 0.761733 0.712763 0.0301384 0.101018 0.279367
39 0.741882 0.379281 0.0250887 0.124167 0.271693
39 0.701136 0.390168 0.024011 0.116021 0.257406
