0 0.743655 0.48386 0.0746151 0.335358 0.855728
0 0.619291 0.672872 0.177313 0.27699 0.840979
0 0.250732 0.514649 0.0689272 0.200525 0.839016
0 0.312273 0.507847 0.0593433 0.194243 0.812946
0 0.45768 0.522119 0.0656771 0.235358 0.79713
0 0.647309 0.554973 0.0798508 0.135694 0.786457
30 0.214228 0.693629 0.224058 0.0525482 0.576262
0 0.540456 0.476439 0.0655997 0.269072 0.574319
24 0.329958 0.46399 0.0349751 0.0838638 0.574051
24 0.924329 0.695336 0.119947 0.116404 0.554446
0 0.515089 0.469759 0.0389742 0.25306 0.477659
30 0.115365 0.778158 0.229368 0.0908544 0.4771
30 0.252667 0.616462 0.109714 0.038085 0.36446
30 0.31459 0.614589 0.106233 0.0546771 0.331148
24 0.883212 0.755932 0.166942 0.114446 0.311717
30 0.224103 0.684978 0.225797 0.0438988 0.295942
30 0.385979 0.619195 0.108929 0.0710431 0.26874
