0 0.788412 0.694739 0.412037 0.598527 0.927679
0 0.506699 0.733112 0.288686 0.528899 0.847206
33 0.145554 0.418108 0.0547188 0.0492565 0.799663
33 0.211045 0.0650203 0.0614072 0.0604667 0.780329
0 0.289956 0.715812 0.120124 0.316299 0.770672
26 0.463997 0.694649 0.215631 0.170052 0.663827
33 0.498408 0.37343 0.0451303 0.0391556 0.638281
33 0.0795503 0.314699 0.0440694 0.0380323 0.635755
33 0.451392 0.204616 0.0349863 0.0352866 0.633184
33 0.500178 0.296888 0.0286392 0.0268974 0.597009
33 0.259251 0.237443 0.0272752 0.0280378 0.584214
33 0.727659 0.287757 0.0306714 0.021937 0.512289
0 0.39636 0.748032 0.112799 0.446251 0.503814
33 0.343738 0.376927 0.0315954 0.0271775 0.503572
33 0.580346 0.418151 0.0213509 0.0141625 0.46026
33 0.413843 0.345246 0.0248018 0.0219914 0.438475
0 0.165448 0.566872 0.0453444 0.0953057 0.426172
0 0.115213 0.570242 0.0358917 0.0747725 0.383068
33 0.598814 0.394218 0.0212411 0.0213399 0.354629
26 0.843635 0.649849 0.250557 0.191978 0.262091
