0 0.0829806 0.812183 0.165589 0.365842 0.855768
2 0.832401 0.883518 0.333649 0.230789 0.853223
3 0.137145 0.882082 0.274289 0.2273 0.840125
3 0.547405 0.891509 0.283202 0.212623 0.832594
0 0.846897 0.78155 0.137874 0.26312 0.821004
0 0.733797 0.795433 0.121874 0.301058 0.788992
0 0.551283 0.833881 0.120618 0.322732 0.773412
0 0.466494 0.83328 0.0815535 0.296553 0.619401
2 0.962073 0.745358 0.0748272 0.155055 0.600859
0 0.205432 0.664252 0.0226136 0.056038 0.517297
0 0.430444 0.703286 0.0291296 0.100554 0.45757
2 0.388011 0.699144 0.0470445 0.0749097 0.436374
0 0.428399 0.715506 0.0351849 0.126452 0.36062
0 0.452477 0.692318 0.0209575 0.0809895 0.353546
0 0.179993 0.662834 0.0219229 0.0636632 0.341643
0 0.497471 0.708263 0.0400639 0.1225 0.307431
2 0.092631 0.70964 0.185163 0.164777 0.301132
0 0.412396 0.702182 0.0191738 0.0901242 0.30067
1 0.411892 0.799357 0.0490734 0.11928 0.269929
2 0.384576 0.690091 0.0518786 0.0957837 0.256184
