0 0.325999 0.757754 0.0708598 0.294824 0.788365
1 0.111898 0.825039 0.173373 0.15521 0.780386
0 0.119078 0.738669 0.0999795 0.174601 0.759773
0 0.988879 0.70651 0.0215099 0.118892 0.680645
0 0.175827 0.704883 0.0452579 0.192839 0.639961
0 0.94286 0.709858 0.0202015 0.111843 0.559517
0 0.962735 0.70995 0.0199097 0.114205 0.555505
2 0.755776 0.705362 0.215444 0.155743 0.536851
0 0.251457 0.709743 0.0361979 0.151627 0.518739
0 0.371272 0.729776 0.0458923 0.221967 0.480788
5 0.36091 0.663789 0.670351 0.33805 0.460623
0 0.456952 0.697227 0.0315573 0.127719 0.433887
2 0.890015 0.711286 0.0684343 0.0873124 0.39773
2 0.867625 0.7112 0.0892509 0.0875439 0.367272
0 0.610183 0.690016 0.0446354 0.13605 0.341057
0 0.298433 0.734755 0.0259323 0.187723 0.313649
0 0.453398 0.689181 0.0304998 0.149633 0.312094
0 0.224987 0.704131 0.0351974 0.153752 0.307487
