0 0.052301 0.686365 0.103856 0.347295 0.88146
0 0.241956 0.638015 0.105801 0.308606 0.878953
0 0.419042 0.627509 0.0948613 0.292692 0.872003
9 0.130423 0.276071 0.0406895 0.149243 0.850818
9 0.838347 0.246079 0.0477783 0.159491 0.838592
1 0.949749 0.659861 0.0995887 0.150943 0.811451
0 0.975927 0.608779 0.0473738 0.23937 0.754254
0 0.650237 0.636905 0.117433 0.320949 0.744411
2 0.349138 0.600437 0.0783603 0.104959 0.707014
3 0.427365 0.691022 0.0740276 0.189373 0.651897
1 0.751782 0.668194 0.0482312 0.170694 0.628803
0 0.514697 0.566543 0.0214251 0.0779378 0.552273
1 0.253938 0.69597 0.0615737 0.21018 0.521741
0 0.742182 0.602719 0.0751071 0.216181 0.511342
0 0.590525 0.628628 0.061608 0.235636 0.499339
9 0.864711 0.328632 0.0331711 0.114126 0.446684
0 0.569704 0.583381 0.0258111 0.110094 0.400061
0 0.753956 0.613314 0.046554 0.212604 0.347681
3 0.65417 0.723968 0.0768436 0.197906 0.335384
3 0.642741 0.704199 0.127944 0.232264 0.325375
0 0.729016 0.581227 0.049628 0.173875 0.314111
26 0.0219976 0.737002 0.0437909 0.108882 0.267664
