0 0.627691 0.661917 0.129264 0.410027 0.856007
0 0.397989 0.488442 0.0632606 0.244888 0.76139
0 0.47902 0.585176 0.090476 0.207804 0.746166
0 0.562838 0.522126 0.0952248 0.312099 0.721867
0 0.906836 0.454074 0.043671 0.136878 0.687035
0 0.983876 0.472376 0.0314144 0.175191 0.621798
0 0.853336 0.454165 0.0357838 0.129561 0.604677
0 0.441486 0.443794 0.0363836 0.129177 0.592286
0 0.287072 0.443158 0.0416972 0.141727 0.585741
0 0.21878 0.444382 0.0353104 0.14313 0.564087
0 0.724679 0.471525 0.0694765 0.259745 0.529332
30 0.560745 0.376019 0.103706 0.167678 0.497951
0 0.181595 0.438601 0.037524 0.151158 0.435628
0 0.787295 0.465582 0.0377862 0.127179 0.431528
0 0.337194 0.484975 0.0601402 0.231229 0.285957
0 0.765408 0.440062 0.0316742 0.131283 0.255016
0 0.0138844 0.416559 0.0260755 0.109827 0.252052
