2 0.779283 0.451393 0.0786078 0.0446503 0.861968
2 0.41376 0.455598 0.15738 0.0597017 0.770873
2 0.663607 0.405323 0.0321359 0.0196377 0.660798
2 0.236413 0.441 0.0637211 0.0323765 0.619615
2 0.731312 0.408119 0.0380433 0.0269142 0.614193
2 0.0453942 0.47337 0.0907885 0.0604914 0.604485
2 0.801018 0.410233 0.046419 0.027414 0.572413
2 0.836791 0.409535 0.032009 0.0206002 0.527531
2 0.110107 0.47396 0.0713993 0.0444057 0.473075
2 0.886184 0.407441 0.0292151 0.0194294 0.412344
2 0.665788 0.402278 0.0344447 0.0246741 0.354911
9 0.596718 0.354427 0.0216944 0.0450848 0.34801
2 0.0711186 0.472343 0.142237 0.058068 0.333587
2 0.916665 0.410762 0.0358183 0.0226265 0.291943
