0 0.409899 0.666666 0.502064 0.66229 0.923826
0 0.812934 0.568401 0.372899 0.860668 0.827789
0 0.144985 0.695036 0.28954 0.605264 0.819315
2 0.14933 0.391655 0.116251 0.050728 0.798254
2 0.776752 0.403441 0.107202 0.0685149 0.792737
9 0.507703 0.259541 0.0355734 0.0773447 0.782343
0 0.112931 0.449808 0.225862 0.221207 0.777212
2 0.888385 0.428713 0.0924995 0.10353 0.775621
0 0.667905 0.397793 0.046425 0.0848569 0.751402
9 0.462902 0.258783 0.0497524 0.0732304 0.66192
0 0.558021 0.399532 0.0341272 0.0691173 0.654077
2 0.295344 0.377684 0.0366575 0.033036 0.609506
0 0.465185 0.391592 0.035439 0.0831638 0.601333
0 0.624041 0.396435 0.0264061 0.0718283 0.564908
0 0.516184 0.399258 0.0297885 0.068066 0.494938
2 0.847789 0.401742 0.0428047 0.04587 0.45374
0 0.551424 0.398565 0.0451011 0.0706004 0.431802
0 0.598023 0.395032 0.0275477 0.0717714 0.390822
0 0.441605 0.390745 0.0217145 0.0558522 0.380489
9 0.420421 0.310087 0.0198013 0.0367499 0.258219
