0 0.205111 0.480141 0.240273 0.849171 0.899907
38 0.193031 0.660368 0.100468 0.26362 0.846059
32 0.518198 0.5859 0.0324051 0.0361343 0.704271
56 0.691843 0.19084 0.118811 0.324977 0.700388
56 0.41557 0.185501 0.117623 0.314324 0.674547
56 0.786479 0.193356 0.113772 0.320679 0.659956
56 0.499607 0.233834 0.1064 0.226001 0.605833
56 0.311019 0.227414 0.101825 0.222303 0.572415
56 0.592912 0.235844 0.100181 0.224556 0.551861
56 0.502627 0.189451 0.115403 0.31383 0.521823
56 0.165294 0.07143 0.0899537 0.0874347 0.501066
56 0.597558 0.188695 0.110154 0.32036 0.491187
56 0.253049 0.138696 0.0868217 0.222175 0.45554
56 0.315422 0.187833 0.11315 0.303572 0.420018
56 0.251912 0.0732936 0.0894772 0.0903706 0.410277
56 0.785708 0.240468 0.109138 0.228532 0.347885
56 0.875265 0.228883 0.115414 0.252996 0.339859
56 0.058886 0.18147 0.117617 0.303428 0.32623
56 0.0411599 0.222872 0.0822169 0.221061 0.314712
56 0.0175804 0.128003 0.0349209 0.208171 0.305074
56 0.417718 0.132789 0.113186 0.209896 0.274336
56 0.0169007 0.0702301 0.0334277 0.0908567 0.271385
56 0.519129 0.079342 0.0864996 0.0951283 0.269652
56 0.428876 0.0767374 0.0916997 0.0986909 0.260105
