0 0.293785 0.498554 0.415069 0.620053 0.942265
0 0.737553 0.510255 0.0606711 0.219805 0.866024
0 0.582135 0.5919 0.0913837 0.406275 0.797074
0 0.204548 0.705232 0.0390489 0.157996 0.78032
0 0.69051 0.525574 0.0407764 0.185759 0.740955
0 0.850236 0.543445 0.044331 0.090128 0.728111
36 0.380142 0.818204 0.0832535 0.0576006 0.714177
0 0.706882 0.607764 0.0551856 0.12173 0.683166
0 0.155643 0.74923 0.0563558 0.0930562 0.612404
0 0.0957645 0.749281 0.0302666 0.0762682 0.364306
0 0.0720962 0.767909 0.0289106 0.067416 0.299124
