5 0.544677 0.721708 0.471967 0.217064 0.940946
5 0.833119 0.68159 0.144433 0.110229 0.872517
0 0.153267 0.770006 0.0581626 0.137174 0.833126
0 0.28306 0.752782 0.0396588 0.128499 0.796567
2 0.849842 0.759858 0.165818 0.0906763 0.795991
2 0.948719 0.746941 0.101538 0.0699628 0.689634
9 0.255778 0.615272 0.0245219 0.051185 0.614133
9 0.217242 0.61185 0.0180434 0.0588185 0.597586
2 0.657783 0.774028 0.269515 0.116876 0.454497
7 0.660255 0.773793 0.275399 0.117747 0.398509
5 0.836623 0.716758 0.152974 0.180531 0.385228
