0 0.244986 0.834284 0.182017 0.328307 0.867704
0 0.394967 0.817594 0.156527 0.355732 0.848042
0 0.733862 0.814347 0.143622 0.364061 0.829803
0 0.124212 0.771766 0.14654 0.418607 0.781844
27 0.127325 0.706932 0.0146779 0.0531982 0.767928
0 0.627825 0.82247 0.12967 0.345534 0.761316
0 0.692046 0.588812 0.117317 0.332469 0.732055
0 0.302153 0.607243 0.105805 0.357901 0.729892
0 0.851684 0.821806 0.144039 0.347168 0.678892
0 0.927483 0.757599 0.121479 0.43567 0.620263
0 0.708516 0.412979 0.100967 0.208719 0.601333
0 0.492565 0.244035 0.099908 0.25885 0.583769
0 0.232162 0.419948 0.111029 0.288271 0.573008
0 0.803363 0.569957 0.121119 0.351734 0.51732
0 0.128847 0.472192 0.113001 0.405319 0.476929
0 0.34049 0.405056 0.10775 0.237661 0.469479
0 0.224479 0.611033 0.0866633 0.37395 0.469105
0 0.887961 0.218337 0.118712 0.333317 0.419769
27 0.339146 0.455178 0.0214132 0.124836 0.400575
0 0.321789 0.270937 0.117979 0.274643 0.392096
27 0.52134 0.802131 0.0150946 0.0548535 0.389947
0 0.514823 0.786409 0.107528 0.249409 0.389022
0 0.778726 0.240631 0.109451 0.311718 0.387464
0 0.796171 0.395977 0.0949785 0.21105 0.384494
27 0.315692 0.252547 0.0115654 0.0501229 0.365667
27 0.113676 0.25343 0.0144077 0.0507835 0.360195
27 0.263944 0.82181 0.0147014 0.0571971 0.357921
0 0.121066 0.263312 0.11634 0.282553 0.356983
0 0.584927 0.241775 0.0982765 0.26549 0.334183
27 0.298972 0.608128 0.0162041 0.124896 0.329926
0 0.538966 0.827538 0.156075 0.332345 0.323162
0 0.221939 0.269087 0.0938981 0.249945 0.317472
0 0.677243 0.241416 0.104078 0.302737 0.289989
0 0.630644 0.480605 0.0600288 0.383354 0.262214
