39 0.981797 0.813957 0.0350426 0.17552 0.924324
0 0.725009 0.672869 0.205067 0.389189 0.884834
39 0.83564 0.898038 0.0416847 0.201667 0.867759
0 0.265359 0.591953 0.424877 0.815608 0.768511
57 0.61987 0.788891 0.462387 0.420376 0.549187
40 0.904147 0.790319 0.0356327 0.0988789 0.548869
65 0.328356 0.400941 0.0549549 0.0333768 0.48567
41 0.796852 0.927022 0.0400943 0.129413 0.410219
65 0.311075 0.422825 0.0924815 0.0866024 0.388601
63 0.40243 0.564662 0.164915 0.274073 0.358461
63 0.262328 0.622123 0.159618 0.2231 0.306514
39 0.796968 0.926115 0.0415546 0.13287 0.304545
65 0.927238 0.824028 0.04655 0.0408117 0.300996
62 0.0444248 0.740036 0.0886648 0.503032 0.266524
73 0.878153 0.590935 0.0364262 0.071506 0.257417
57 0.425061 0.788214 0.807295 0.421288 0.250006
