56 0.243057 0.609002 0.102188 0.0662043 0.846858
0 0.816634 0.60706 0.236397 0.272223 0.8457
63 0.67088 0.598673 0.0808147 0.119428 0.844522
56 0.137451 0.927057 0.273729 0.144391 0.802657
56 0.113915 0.644846 0.12173 0.0747131 0.7983
39 0.180118 0.641793 0.0256904 0.0902293 0.79459
63 0.545608 0.541096 0.103075 0.0850468 0.784538
0 0.943996 0.528445 0.110546 0.198371 0.76917
0 0.718816 0.492013 0.0599377 0.121121 0.73492
74 0.0146263 0.0794293 0.0289661 0.11 0.688452
63 0.670238 0.521638 0.0724665 0.0629495 0.670493
0 0.859418 0.499414 0.0774313 0.137901 0.654717
56 0.336839 0.577602 0.049162 0.0692741 0.646782
63 0.449399 0.574189 0.131725 0.0906885 0.612297
63 0.681062 0.534973 0.0953528 0.0900962 0.439782
0 0.424832 0.519011 0.15581 0.169424 0.412804
63 0.564265 0.536763 0.0651398 0.0800311 0.405351
60 0.378978 0.781436 0.722067 0.425479 0.35018
56 0.95694 0.645658 0.0855652 0.11698 0.343423
73 0.545614 0.726029 0.0772394 0.044813 0.31551
56 0.191938 0.971239 0.169246 0.0567788 0.31233
56 0.959763 0.700717 0.0798428 0.0945343 0.298809
62 0.815079 0.912065 0.364214 0.174493 0.279738
0 0.519527 0.517308 0.0641327 0.110428 0.279009
73 0.216484 0.709951 0.105193 0.0529388 0.262305
