58 0.0594654 0.899741 0.115646 0.115571 0.842774
58 0.271238 0.918793 0.131473 0.161864 0.801049
0 0.845428 0.828579 0.0384281 0.150244 0.741464
0 0.952607 0.842682 0.052243 0.16002 0.733113
0 0.472326 0.823706 0.0406727 0.137462 0.732444
0 0.885108 0.838383 0.0395271 0.171765 0.680248
0 0.607799 0.81371 0.0296761 0.115878 0.666642
0 0.767321 0.803927 0.0289631 0.0814196 0.66533
0 0.917632 0.819179 0.0276901 0.131719 0.639166
2 0.716112 0.805886 0.0792576 0.0874644 0.635034
58 0.51748 0.91465 0.0972632 0.117988 0.632895
0 0.507279 0.812306 0.0410375 0.108833 0.508169
0 0.410755 0.844118 0.0619682 0.207962 0.503788
0 0.987324 0.861019 0.0244347 0.162959 0.495727
2 0.69525 0.805116 0.123538 0.089056 0.326308
9 0.993831 0.672267 0.0116306 0.0459633 0.251844
