0 0.60876 0.414528 0.116244 0.487237 0.878756
0 0.376653 0.38998 0.136836 0.2857 0.874446
0 0.542435 0.487682 0.110106 0.481176 0.866565
0 0.19313 0.678855 0.163927 0.639491 0.791504
0 0.310467 0.605826 0.180109 0.734374 0.74378
56 0.0871261 0.539037 0.104861 0.281058 0.701783
56 0.0434707 0.415026 0.0682649 0.0903644 0.577769
56 0.143313 0.359049 0.0282637 0.0385593 0.503614
56 0.477065 0.424869 0.0548512 0.194709 0.496729
56 0.0971018 0.391864 0.0451236 0.0777992 0.472146
65 0.396452 0.562002 0.0315946 0.0292206 0.430751
56 0.0311269 0.534259 0.0618662 0.2753 0.419829
56 0.666878 0.45741 0.0350239 0.0873892 0.329015
65 0.58485 0.355845 0.0195032 0.0191004 0.325198
56 0.471133 0.459225 0.0443129 0.131201 0.301233
56 0.160605 0.347121 0.0194236 0.0395405 0.288946
56 0.345112 0.482513 0.0606457 0.115782 0.27675
65 0.264069 0.400467 0.0406827 0.105724 0.263327
