0 0.626177 0.541402 0.18008 0.354359 0.900621
0 0.159658 0.483597 0.188691 0.93616 0.777936
0 0.348207 0.618414 0.154009 0.508872 0.720108
32 0.553792 0.569875 0.0245379 0.0292867 0.707167
24 0.51513 0.500759 0.0826433 0.0714028 0.668061
38 0.165693 0.563881 0.232249 0.245069 0.585243
38 0.155151 0.591648 0.211355 0.187443 0.518012
38 0.412893 0.454583 0.0779087 0.262264 0.359406
38 0.252725 0.643823 0.0721729 0.312862 0.299519
38 0.366295 0.570474 0.0648414 0.13672 0.291585
38 0.402811 0.438556 0.0897936 0.301085 0.278876
38 0.13363 0.322236 0.208885 0.151187 0.273674
38 0.429067 0.703883 0.0644512 0.342267 0.272983
38 0.433816 0.779765 0.0537025 0.188095 0.259242
