2 0.9162 0.242599 0.166263 0.0585636 0.801334
0 0.393735 0.244824 0.0163197 0.0536862 0.702624
2 0.484393 0.250173 0.0451743 0.0386283 0.650081
9 0.368813 0.160575 0.0146092 0.05419 0.603303
9 0.597504 0.064765 0.0116947 0.0389523 0.575269
9 0.818991 0.138585 0.0126165 0.039771 0.548038
2 0.157204 0.239117 0.15533 0.0730894 0.539267
9 0.795677 0.137018 0.0173231 0.0460185 0.495157
9 0.120464 0.101297 0.0140762 0.0572901 0.464702
9 0.137591 0.11395 0.0189806 0.0882988 0.448222
9 0.137839 0.0978529 0.0187198 0.0574926 0.39498
9 0.367211 0.16165 0.0216533 0.0548153 0.364271
2 0.893562 0.241454 0.11293 0.0573679 0.287861
