25 0.142982 0.124295 0.285963 0.24859 0.921678
0 0.152483 0.592526 0.210248 0.792642 0.916136
25 0.441287 0.10965 0.285423 0.219301 0.827493
0 0.465966 0.486818 0.150989 0.633467 0.778644
0 0.812496 0.77738 0.373709 0.424583 0.485608
2 0.333023 0.27505 0.258643 0.309979 0.480668
0 0.812566 0.587472 0.373306 0.807374 0.480525
0 0.915296 0.497053 0.168699 0.587952 0.443722
47 0.742384 0.702135 0.227511 0.308683 0.408007
26 0.402584 0.399604 0.0649645 0.194251 0.407753
2 0.572512 0.201985 0.0728712 0.146256 0.382329
0 0.758375 0.874925 0.271439 0.232551 0.319356
25 0.352083 0.202658 0.210233 0.158904 0.308227
