2 0.69733 0.798631 0.0626696 0.0374156 0.828744
2 0.306107 0.818278 0.111804 0.0617233 0.818462
2 0.656201 0.794118 0.029822 0.0188417 0.683722
2 0.432348 0.807139 0.0864112 0.0403472 0.636554
2 0.522334 0.799985 0.0532728 0.0270306 0.586954
2 0.363446 0.811036 0.0582826 0.0561569 0.586814
2 0.554989 0.797295 0.0339233 0.0222223 0.524553
2 0.482701 0.800773 0.0239196 0.0262934 0.389434
9 0.439158 0.220298 0.0545721 0.0849294 0.384905
2 0.533381 0.798791 0.0719765 0.0245907 0.370546
9 0.402153 0.221747 0.131881 0.0965872 0.309588
2 0.346291 0.811657 0.094507 0.0616707 0.284825
