16 0.787736 0.333929 0.314322 0.4149 0.94743
0 0.744884 0.764357 0.0972725 0.165923 0.845618
0 0.0483441 0.795061 0.0955243 0.10052 0.820174
0 0.836966 0.766875 0.129708 0.161344 0.788808
2 0.533087 0.77201 0.372012 0.152244 0.779399
0 0.953195 0.772631 0.0924248 0.149546 0.707182
7 0.0956815 0.562748 0.190356 0.170185 0.574817
2 0.333352 0.755652 0.228386 0.172935 0.515325
2 0.153823 0.735329 0.306923 0.217432 0.498471
2 0.370768 0.669995 0.189275 0.0668874 0.37188
0 0.593438 0.800544 0.0837503 0.0924999 0.360282
0 0.0123917 0.753555 0.0247064 0.108419 0.342787
2 0.832003 0.761557 0.26696 0.137986 0.275566
