0 0.81214 0.738593 0.374017 0.520075 0.919826
0 0.409752 0.534427 0.271401 0.397183 0.896127
0 0.172076 0.530682 0.344151 0.699322 0.850425
0 0.595421 0.550266 0.400196 0.755282 0.844972
25 0.884211 0.246675 0.229254 0.126245 0.724615
0 0.327086 0.446113 0.0693935 0.133945 0.681276
0 0.933552 0.458921 0.131961 0.29973 0.641479
25 0.491069 0.27536 0.317244 0.139106 0.545759
25 0.118009 0.187922 0.23556 0.273513 0.471383
25 0.116893 0.141441 0.23228 0.18249 0.460476
0 0.799771 0.428318 0.055034 0.0896214 0.443399
25 0.494739 0.305521 0.31532 0.202074 0.437062
0 0.0341665 0.502034 0.0682315 0.359144 0.353632
25 0.686416 0.116125 0.625228 0.231898 0.323996
0 0.79959 0.462718 0.0566849 0.159214 0.32244
25 0.240714 0.219059 0.476328 0.144309 0.294701
25 0.339081 0.211625 0.281522 0.0874871 0.285654
