11 0.515388 0.526408 0.211097 0.320298 0.949866
2 0.663343 0.690641 0.265427 0.136855 0.888104
2 0.242233 0.623427 0.121679 0.0871307 0.845689
2 0.179669 0.644959 0.0749164 0.0762273 0.786863
2 0.371641 0.615416 0.103792 0.0639847 0.648683
2 0.09789 0.644277 0.110607 0.0968161 0.61552
2 0.973076 0.672236 0.0528885 0.15208 0.548549
2 0.680514 0.621257 0.175769 0.0960149 0.497033
2 0.0404049 0.659675 0.079503 0.114617 0.455392
2 0.315242 0.623814 0.0412903 0.0648667 0.329286
2 0.0582138 0.655268 0.0663288 0.102298 0.306925
7 0.0454668 0.659654 0.0905563 0.116335 0.289193
