41 0.500605 0.925575 0.0520694 0.0980461 0.922651
62 0.232945 0.80044 0.298307 0.39912 0.922191
0 0.214576 0.451818 0.172027 0.37939 0.911676
0 0.715259 0.638622 0.165131 0.599803 0.897033
39 0.577978 0.924993 0.0366076 0.147965 0.879741
0 0.589602 0.705555 0.112826 0.391784 0.824633
63 0.0781151 0.953299 0.15623 0.0924682 0.807709
0 0.35629 0.526807 0.165066 0.51713 0.805385
39 0.452359 0.890786 0.0367676 0.129019 0.799267
39 0.443366 0.769392 0.0317654 0.128477 0.694562
40 0.483287 0.800995 0.0314114 0.0733358 0.528963
39 0.445826 0.755069 0.0261133 0.105373 0.302274
