0 0.822937 0.548122 0.18627 0.35385 0.916948
0 0.52959 0.596394 0.217617 0.256689 0.843099
0 0.971039 0.441804 0.057045 0.287899 0.76217
0 0.263772 0.537767 0.269419 0.361661 0.662959
34 0.946006 0.482381 0.106544 0.0405961 0.620829
0 0.432209 0.472868 0.0904197 0.331365 0.606617
0 0.236927 0.486123 0.0882797 0.412806 0.562363
35 0.617874 0.565433 0.0419041 0.0633564 0.552735
0 0.885585 0.430242 0.0664789 0.275193 0.406701
0 0.884888 0.392148 0.063184 0.201463 0.328187
0 0.207464 0.495295 0.15384 0.433689 0.282836
0 0.487269 0.597513 0.133955 0.257572 0.253542
