2 0.566576 0.710007 0.131509 0.0677128 0.862025
2 0.308179 0.693514 0.109868 0.0602132 0.815965
2 0.63016 0.701149 0.0721667 0.0550935 0.692573
2 0.103744 0.702602 0.0632981 0.0535931 0.689661
2 0.173838 0.690811 0.0949214 0.0576721 0.647354
2 0.0447647 0.708681 0.0787093 0.0569762 0.642791
9 0.639916 0.554005 0.0225462 0.0296345 0.625609
2 0.382721 0.671849 0.0556452 0.0291508 0.577567
5 0.635902 0.6641 0.136542 0.0965248 0.529539
2 0.672218 0.69705 0.0546573 0.0488941 0.515331
2 0.482642 0.665127 0.0424422 0.0218075 0.480396
0 0.953652 0.830233 0.0926958 0.338948 0.453896
2 0.555587 0.653389 0.0277621 0.0180209 0.4239
9 0.393697 0.570733 0.0232763 0.0254742 0.382439
2 0.443778 0.669866 0.0469376 0.0264816 0.361657
2 0.435375 0.670627 0.0405844 0.0266931 0.344596
2 0.512782 0.662314 0.0340258 0.0211509 0.338968
2 0.422461 0.671392 0.0367072 0.027572 0.321069
2 0.02417 0.708663 0.0444813 0.0603273 0.287059
