2 0.835455 0.886297 0.307027 0.191163 0.891348
2 0.370835 0.901726 0.616554 0.167804 0.757617
2 0.563209 0.781395 0.170879 0.0821176 0.744185
2 0.6815 0.775484 0.155467 0.0692047 0.734027
2 0.882815 0.768941 0.1804 0.06474 0.676973
2 0.170038 0.800209 0.157454 0.0729192 0.675501
7 0.362353 0.772037 0.238047 0.146856 0.597446
2 0.76882 0.74967 0.0902913 0.0369821 0.494988
2 0.94463 0.730964 0.0827486 0.0324598 0.486622
2 0.217956 0.733401 0.0444175 0.0289318 0.454594
2 0.229831 0.73401 0.0669583 0.0286466 0.376024
2 0.271502 0.735758 0.0364143 0.0241109 0.367655
0 0.352921 0.769771 0.0237597 0.0733048 0.28673
2 0.361741 0.772623 0.24055 0.150353 0.267823
2 0.0367114 0.809686 0.0528508 0.0572574 0.264174
2 0.94476 0.743396 0.0867828 0.0572659 0.261374
2 0.621175 0.735262 0.0579874 0.0270439 0.260116
