2 0.146608 0.867948 0.292975 0.168719 0.89912
0 0.935143 0.815107 0.114141 0.156734 0.759897
9 0.819317 0.475121 0.0587073 0.112214 0.741871
2 0.897834 0.742692 0.116259 0.0369368 0.570763
2 0.73608 0.777083 0.0705682 0.0927695 0.570487
9 0.810651 0.566864 0.0494986 0.0671844 0.543567
0 0.578221 0.765702 0.0759314 0.102018 0.499864
2 0.827183 0.79003 0.167267 0.0888494 0.450128
2 0.977519 0.745843 0.0440199 0.0320728 0.385291
0 0.563452 0.770779 0.0484114 0.0928641 0.349844
9 0.262733 0.157591 0.144546 0.312297 0.339431
0 0.603286 0.777383 0.0320486 0.073907 0.336744
0 0.534199 0.755337 0.0256668 0.0686689 0.297625
2 0.862995 0.791037 0.0963145 0.0859944 0.294627
1 0.952934 0.85473 0.0547071 0.0876022 0.260421
