2 0.929242 0.698625 0.141324 0.429446 0.947132
2 0.877724 0.634024 0.240133 0.338632 0.882404
2 0.0506445 0.740856 0.100868 0.497999 0.877533
0 0.517908 0.588242 0.109871 0.443482 0.873219
2 0.14293 0.581838 0.281871 0.387881 0.847405
2 0.806467 0.581343 0.213002 0.292242 0.778823
2 0.70874 0.566496 0.0966706 0.214341 0.71804
0 0.415366 0.492756 0.0285912 0.132587 0.711897
0 0.441793 0.488917 0.0365904 0.127529 0.693774
2 0.105302 0.656944 0.206067 0.514518 0.679854
0 0.340196 0.492412 0.0279162 0.144293 0.678848
2 0.627518 0.541787 0.0699967 0.161833 0.672511
9 0.569449 0.178567 0.016659 0.0588304 0.665368
9 0.544412 0.176321 0.0187954 0.061266 0.659454
2 0.682071 0.543723 0.0878405 0.19979 0.65692
0 0.936017 0.44034 0.0418137 0.0545604 0.580299
2 0.606205 0.529013 0.0999399 0.144293 0.578705
2 0.285938 0.537228 0.0624961 0.14346 0.562975
9 0.259568 0.193544 0.0171636 0.0617137 0.477909
2 0.305863 0.493801 0.0554123 0.121575 0.445521
9 0.246045 0.193575 0.0156006 0.0621371 0.441542
2 0.289119 0.514792 0.0688117 0.161082 0.438468
2 0.312756 0.484884 0.0432806 0.110797 0.430495
0 0.381265 0.499288 0.0303449 0.1206 0.400959
0 0.358236 0.491915 0.0233365 0.141091 0.349086
2 0.604304 0.461503 0.0999086 0.0593819 0.342999
2 0.0914278 0.712015 0.180969 0.454652 0.339521
2 0.3135 0.461051 0.0419384 0.0616625 0.317438
2 0.594213 0.528847 0.0699774 0.147229 0.299593
2 0.623555 0.566974 0.0530819 0.115674 0.285518
2 0.462269 0.465857 0.0297009 0.0510344 0.252766
