3 0.49707 0.471008 0.415419 0.369565 0.91009
3 0.845906 0.455632 0.30619 0.463776 0.872995
0 0.232089 0.139509 0.171411 0.202366 0.868642
0 0.34918 0.133786 0.0798718 0.196231 0.8043
0 0.415962 0.132051 0.0796436 0.196537 0.792909
0 0.138922 0.145116 0.0934549 0.198586 0.772747
0 0.517906 0.137421 0.122956 0.189557 0.719527
0 0.7969 0.184673 0.0616447 0.151882 0.685751
0 0.975626 0.198676 0.047924 0.208912 0.654858
0 0.631712 0.162244 0.0589331 0.136099 0.653481
0 0.742268 0.197029 0.0737014 0.283854 0.577723
0 0.588802 0.161171 0.0402076 0.132848 0.576582
3 0.137841 0.688334 0.274316 0.58801 0.576126
24 0.69268 0.202518 0.0558535 0.113547 0.537987
0 0.841773 0.18716 0.0432632 0.0878517 0.529261
3 0.922826 0.834471 0.153194 0.328728 0.459688
0 0.947818 0.192566 0.0580416 0.155198 0.421901
3 0.138232 0.523722 0.274347 0.908214 0.377391
0 0.0252734 0.224086 0.0502695 0.364401 0.370888
0 0.912081 0.18945 0.0524891 0.13819 0.350193
25 0.860573 0.0778649 0.0900698 0.0520464 0.298921
0 0.87683 0.20114 0.0373795 0.0984257 0.291301
0 0.670661 0.171329 0.046455 0.120576 0.279748
3 0.729 0.388573 0.0884825 0.301298 0.264643
