0 0.606293 0.655233 0.180187 0.666159 0.90112
0 0.0557771 0.708757 0.111554 0.493121 0.891042
0 0.264237 0.478101 0.0944642 0.272292 0.812112
39 0.147562 0.700653 0.0218558 0.10475 0.698178
0 0.742656 0.545789 0.0732133 0.360996 0.641105
0 0.413003 0.419093 0.0664106 0.156997 0.637945
0 0.490217 0.423093 0.0631832 0.140757 0.634626
41 0.0215752 0.940619 0.0429627 0.118762 0.5196
45 0.482115 0.667291 0.0667248 0.0353848 0.508424
39 0.28733 0.607575 0.0198592 0.0491533 0.494308
46 0.950383 0.633093 0.085091 0.0791064 0.392692
39 0.146983 0.683275 0.0263962 0.14676 0.324658
39 0.342473 0.601446 0.0234453 0.0654528 0.316925
45 0.374154 0.943749 0.227357 0.109359 0.258358
41 0.507291 0.597285 0.0229675 0.0462576 0.258227
71 0.291437 0.821809 0.308187 0.098146 0.250261
