8 0.911568 0.183077 0.101113 0.104777 0.827951
0 0.84518 0.844037 0.0815582 0.308124 0.816721
0 0.768722 0.665219 0.0589598 0.203946 0.786907
8 0.126786 0.197524 0.0956804 0.0703913 0.776027
0 0.708665 0.622137 0.0534727 0.232087 0.768256
0 0.917611 0.795909 0.0829803 0.339121 0.76688
0 0.743118 0.868104 0.13558 0.261928 0.75406
0 0.938367 0.319182 0.0273449 0.0982153 0.712674
8 0.82176 0.633666 0.35648 0.677369 0.554841
8 0.598823 0.203749 0.0152515 0.0360049 0.497541
0 0.764822 0.868513 0.0926626 0.262835 0.34039
0 0.447037 0.302746 0.0208934 0.0295979 0.262021
