0 0.319183 0.396428 0.386025 0.533203 0.925292
41 0.638769 0.791215 0.0609283 0.109073 0.776054
41 0.161808 0.662681 0.0545952 0.0698025 0.738032
41 0.233684 0.626717 0.107695 0.11911 0.724469
41 0.404331 0.636469 0.0758925 0.076669 0.662208
60 0.503751 0.7631 0.988725 0.46116 0.637912
41 0.740489 0.727863 0.094401 0.153814 0.63117
62 0.503835 0.10885 0.364968 0.214006 0.614476
60 0.480196 0.819273 0.960392 0.333957 0.547523
41 0.677518 0.744752 0.0899381 0.156963 0.531822
41 0.917329 0.64594 0.0838093 0.118767 0.479465
42 0.722934 0.926417 0.166743 0.142496 0.421413
41 0.664504 0.605832 0.0542647 0.101899 0.299113
41 0.404481 0.657146 0.0760414 0.116991 0.280498
41 0.980833 0.661765 0.0375463 0.127187 0.260344
