0 0.206287 0.813559 0.130582 0.363673 0.701776
0 0.714853 0.787864 0.120897 0.326257 0.653298
0 0.843862 0.801168 0.144799 0.330048 0.651285
0 0.0465651 0.675878 0.0923344 0.491151 0.568529
0 0.351798 0.806255 0.14104 0.350648 0.558262
0 0.245315 0.402018 0.0944559 0.256536 0.502704
0 0.685634 0.402936 0.0903454 0.24624 0.490082
0 0.771706 0.409098 0.0926295 0.234668 0.468381
0 0.905184 0.677172 0.0952133 0.472556 0.458553
0 0.596773 0.797784 0.127487 0.315265 0.457503
0 0.826967 0.575262 0.0817375 0.30851 0.456709
0 0.259741 0.648997 0.0756468 0.466806 0.419962
0 0.471749 0.794263 0.128302 0.338978 0.384362
27 0.358007 0.785673 0.0170129 0.058871 0.376526
27 0.212422 0.774574 0.0172649 0.0568371 0.371445
0 0.744512 0.604195 0.103551 0.353346 0.370585
0 0.679158 0.596186 0.0839564 0.349821 0.35078
27 0.611941 0.582976 0.0229309 0.114506 0.335458
27 0.666428 0.221557 0.0110389 0.0574253 0.327823
0 0.138529 0.401207 0.09493 0.264447 0.321183
27 0.827101 0.229359 0.0112625 0.0451864 0.314278
0 0.173814 0.274299 0.106748 0.329241 0.296827
0 0.465523 0.212165 0.0945012 0.281174 0.289404
0 0.862692 0.396392 0.0933262 0.252787 0.287597
27 0.378694 0.215878 0.0122468 0.03628 0.284323
0 0.504292 0.292352 0.0973757 0.147646 0.279939
27 0.357468 0.803252 0.0186317 0.0952907 0.263334
0 0.615081 0.586254 0.0823435 0.373214 0.254017
27 0.680235 0.592042 0.0252157 0.128128 0.252714
