0 0.717324 0.644886 0.124931 0.578481 0.890008
0 0.123313 0.470179 0.0705775 0.340894 0.86015
0 0.426567 0.381533 0.028351 0.119346 0.780296
0 0.261199 0.429885 0.0792235 0.277021 0.779875
0 0.938418 0.402597 0.0431913 0.213728 0.72294
2 0.195038 0.35534 0.0628503 0.0502687 0.722182
2 0.382292 0.3705 0.0511013 0.0707286 0.681336
0 0.475726 0.377426 0.0202794 0.0943489 0.529346
16 0.175726 0.522435 0.0601041 0.151249 0.358354
26 0.240985 0.471756 0.0230575 0.0459651 0.306685
0 0.454698 0.363949 0.0152962 0.0708634 0.255599
