0 0.0540749 0.278683 0.076242 0.151418 0.851449
0 0.368907 0.188336 0.0406769 0.0784091 0.734797
0 0.486001 0.195033 0.0292826 0.0737415 0.685953
25 0.485085 0.778088 0.969055 0.433042 0.653483
0 0.420483 0.195474 0.029711 0.0712456 0.587561
7 0.838095 0.193929 0.210524 0.130968 0.500145
3 0.736442 0.245341 0.240578 0.0977298 0.43778
1 0.179597 0.296894 0.0788719 0.0871718 0.42844
3 0.736199 0.293645 0.256752 0.137492 0.370805
3 0.665635 0.358285 0.417513 0.165488 0.35864
7 0.963116 0.135286 0.07257 0.115726 0.347836
0 0.653073 0.15616 0.0184844 0.0408166 0.319189
3 0.728078 0.256752 0.238169 0.0721859 0.2823
0 0.551531 0.181445 0.028006 0.0791711 0.281998
0 0.54832 0.177182 0.0225787 0.0705269 0.277834
