36 0.301854 0.697516 0.18088 0.340852 0.928287
0 0.320019 0.350453 0.318215 0.638624 0.90494
0 0.816041 0.514971 0.111438 0.420017 0.901892
0 0.724666 0.509293 0.0755299 0.309752 0.861894
2 0.875275 0.465127 0.0547291 0.0662438 0.789584
0 0.0431131 0.508411 0.0547456 0.312269 0.781148
2 0.919083 0.475311 0.0372253 0.0546748 0.738694
0 0.640595 0.511661 0.0436362 0.311125 0.708149
2 0.498699 0.509563 0.18282 0.158109 0.672516
9 0.748399 0.192141 0.0458735 0.0776357 0.645506
0 0.594854 0.502527 0.0603298 0.329591 0.628574
0 0.410293 0.472581 0.0262763 0.0985333 0.624795
0 0.372077 0.472196 0.0301527 0.0711785 0.602394
24 0.734493 0.467867 0.0449004 0.118554 0.56729
2 0.550085 0.506245 0.286142 0.16597 0.551443
9 0.818674 0.194801 0.0576324 0.073944 0.529108
0 0.145587 0.3844 0.0428677 0.0522043 0.523046
2 0.971684 0.471405 0.0300945 0.0493276 0.454053
2 0.119575 0.533524 0.237834 0.242669 0.429729
0 0.211618 0.509133 0.0651391 0.30315 0.41784
2 0.220604 0.530296 0.441207 0.241138 0.391528
2 0.97693 0.470619 0.042313 0.0508045 0.377845
0 0.993507 0.523001 0.0123178 0.108316 0.334531
2 0.540394 0.416169 0.0554818 0.044431 0.311651
26 0.0628362 0.448936 0.0256784 0.085565 0.268065
0 0.988691 0.59755 0.0217598 0.241252 0.258399
