0 0.0662102 0.575311 0.13242 0.83327 0.894663
3 0.393116 0.646144 0.55783 0.682764 0.787846
0 0.308787 0.547932 0.173627 0.844616 0.667954
0 0.725335 0.380626 0.0699974 0.37039 0.573779
0 0.66293 0.244389 0.0616627 0.134438 0.569345
0 0.973404 0.163136 0.0523529 0.209175 0.531337
0 0.2077 0.448079 0.0783291 0.389058 0.530956
3 0.633508 0.482392 0.175367 0.348745 0.516541
0 0.928217 0.212688 0.0982582 0.143524 0.498617
0 0.461803 0.356523 0.197772 0.293388 0.497419
0 0.566672 0.245329 0.0535023 0.129304 0.488727
0 0.197798 0.09801 0.04408 0.0914368 0.406983
0 0.496343 0.332966 0.119501 0.180147 0.341099
0 0.62759 0.262482 0.0702984 0.0965765 0.27195
0 0.306383 0.343363 0.168134 0.435075 0.262292
0 0.793937 0.402412 0.116565 0.517909 0.261944
3 0.167291 0.528586 0.142492 0.334794 0.252186
