2 0.422808 0.540532 0.0684102 0.0626482 0.895105
2 0.73621 0.565476 0.10549 0.0915636 0.872555
2 0.955153 0.581478 0.0889667 0.154716 0.855329
74 0.501481 0.219072 0.0565804 0.075601 0.850537
2 0.853642 0.563195 0.13674 0.13712 0.799051
9 0.0416845 0.277786 0.0482871 0.149758 0.791
2 0.652744 0.554714 0.088343 0.0805667 0.783594
2 0.376592 0.536192 0.0517001 0.0505388 0.780013
2 0.590731 0.534937 0.0565603 0.0480988 0.707984
9 0.18987 0.323281 0.0341884 0.109194 0.646908
9 0.581236 0.284187 0.0296421 0.124372 0.629808
2 0.341943 0.524021 0.0416428 0.051425 0.625496
2 0.281867 0.49252 0.0236776 0.0255653 0.535926
2 0.467425 0.504159 0.0372746 0.0432808 0.463412
2 0.544569 0.529938 0.0638771 0.04566 0.360739
2 0.282554 0.496326 0.02602 0.0322386 0.277226
58 0.0401246 0.604721 0.0673693 0.108127 0.258462
2 0.52804 0.52599 0.0344105 0.0454089 0.252997
