2 0.923384 0.580101 0.153231 0.0765564 0.82116
2 0.483622 0.557275 0.307426 0.101318 0.764547
0 0.151628 0.550709 0.0324619 0.069991 0.488707
2 0.632003 0.513518 0.210369 0.0427794 0.463658
9 0.400235 0.266693 0.107009 0.0762955 0.423029
9 0.241158 0.0380536 0.117492 0.0761072 0.408696
2 0.56742 0.56498 0.14071 0.0826952 0.407404
0 0.0380728 0.546952 0.0638842 0.0837317 0.338495
0 0.199768 0.541356 0.0290896 0.0530339 0.312232
0 0.151867 0.53818 0.0313676 0.0465969 0.296058
0 0.0242482 0.546712 0.0427803 0.0856659 0.285125
