11 0.265213 0.318818 0.10537 0.203736 0.912269
7 0.133526 0.607916 0.172646 0.0792399 0.545015
0 0.68747 0.582211 0.0575106 0.228893 0.518512
2 0.358724 0.58158 0.0425879 0.0574046 0.456654
2 0.301302 0.595168 0.0511315 0.0561328 0.401525
2 0.556097 0.603281 0.0606207 0.0709565 0.393181
2 0.492973 0.616453 0.109479 0.101388 0.37772
2 0.16836 0.606123 0.100908 0.072378 0.362157
2 0.102944 0.610159 0.102743 0.0745601 0.285079
2 0.611956 0.594437 0.0615551 0.0505128 0.262028
2 0.64297 0.577918 0.0364175 0.0442514 0.261241
7 0.376364 0.581448 0.0759131 0.0589441 0.257675
