0 0.705394 0.232843 0.475577 0.343674 0.910327
0 0.0737456 0.288705 0.0885193 0.137775 0.853309
0 0.307075 0.355682 0.138889 0.193975 0.850352
36 0.629103 0.408015 0.260434 0.0664441 0.742915
0 0.825318 0.477698 0.0766382 0.0892187 0.738843
0 0.883345 0.500341 0.0539377 0.0644343 0.625226
0 0.961432 0.504306 0.0606581 0.050955 0.520431
0 0.881859 0.511962 0.0573307 0.0879379 0.486045
0 0.705027 0.490684 0.0606361 0.098221 0.383039
0 0.96408 0.524675 0.0635782 0.0920679 0.364818
0 0.668607 0.44947 0.0619025 0.0976217 0.334402
0 0.172965 0.3556 0.0881668 0.088348 0.293667
