12 0.657864 0.353114 0.0529282 0.0766038 0.972633
11 0.67592 0.156018 0.1469 0.0999691 0.936033
12 0.358427 0.819235 0.223183 0.327213 0.909167
12 0.416432 0.578284 0.128386 0.176867 0.888551
2 0.421956 0.382654 0.31114 0.0786065 0.861473
12 0.601525 0.468466 0.0826705 0.126577 0.77156
12 0.620648 0.378686 0.0547302 0.0643188 0.508299
2 0.849414 0.34658 0.292598 0.111004 0.47701
12 0.63463 0.361622 0.0860491 0.0652215 0.459485
0 0.0796062 0.394854 0.0342793 0.0408934 0.388306
0 0.0851403 0.395059 0.0230709 0.0412721 0.328224
0 0.0596502 0.395399 0.0706511 0.0403201 0.270749
