2 0.235906 0.916487 0.361856 0.167026 0.906242
2 0.568224 0.838161 0.161996 0.123099 0.893367
2 0.746204 0.839271 0.146609 0.134698 0.856852
2 0.0303898 0.797045 0.0595831 0.0362458 0.805826
2 0.65722 0.829472 0.0980066 0.134327 0.782621
0 0.387488 0.816385 0.0309271 0.102256 0.754072
2 0.0879903 0.897938 0.175296 0.184883 0.743276
0 0.483672 0.818752 0.0200968 0.0926792 0.652284
2 0.306915 0.801373 0.0658944 0.0738229 0.627679
2 0.249449 0.810613 0.0643526 0.0528729 0.597598
2 0.423339 0.828755 0.0958563 0.083105 0.55712
2 0.365581 0.809909 0.121794 0.10558 0.52095
2 0.128036 0.795856 0.106896 0.0568311 0.473202
2 0.294611 0.800902 0.0399807 0.0721272 0.424568
2 0.366926 0.809809 0.0829269 0.10555 0.417738
2 0.128992 0.788156 0.106198 0.0403909 0.404907
2 0.316685 0.801572 0.0461841 0.0759501 0.404751
0 0.927156 0.837639 0.0253866 0.091812 0.329652
2 0.120348 0.786675 0.0861692 0.0325889 0.322877
0 0.94981 0.834342 0.023296 0.0931561 0.291546
0 0.921675 0.836799 0.0344969 0.0934547 0.268467
2 0.342505 0.809983 0.087254 0.102878 0.262092
0 0.87364 0.835852 0.0353603 0.0952119 0.260177
