74 0.47427 0.480003 0.321021 0.210281 0.883343
0 0.484826 0.887782 0.112535 0.202047 0.874718
74 0.719914 0.428401 0.140047 0.0884566 0.785341
74 0.227814 0.426597 0.141112 0.0892593 0.735208
74 0.224129 0.530106 0.162523 0.105523 0.7038
0 0.214011 0.725157 0.139267 0.265599 0.685184
74 0.475563 0.702415 0.334481 0.216976 0.664763
0 0.726514 0.711902 0.183102 0.234418 0.642368
74 0.472963 0.285387 0.14832 0.0955273 0.462323
26 0.453422 0.865583 0.0884327 0.0988018 0.455243
26 0.470221 0.853001 0.0578947 0.0692804 0.310093
