3 0.606175 0.570522 0.446106 0.423568 0.909047
0 0.341484 0.554126 0.192164 0.631501 0.90642
0 0.162887 0.53341 0.130803 0.443347 0.897063
0 0.511112 0.428157 0.125722 0.291414 0.868235
0 0.630296 0.392174 0.0775656 0.155131 0.680443
7 0.123685 0.438692 0.246807 0.196979 0.640068
0 0.388518 0.388286 0.0415084 0.128359 0.588128
3 0.786113 0.416403 0.0884724 0.073637 0.551455
7 0.0650192 0.452056 0.13003 0.168971 0.507386
3 0.825166 0.415042 0.0319649 0.0687293 0.367437
3 0.705296 0.421235 0.0467585 0.0613731 0.298958
