18 0.157593 0.56542 0.101712 0.119804 0.795546
18 0.0646707 0.570399 0.0979157 0.122277 0.739945
18 0.544632 0.521139 0.0763676 0.0902358 0.710259
18 0.47466 0.52829 0.0786581 0.113438 0.628259
18 0.599114 0.481015 0.066434 0.108227 0.606926
18 0.333929 0.577953 0.0759026 0.112343 0.547173
18 0.646319 0.495205 0.0803324 0.100828 0.546687
18 0.232843 0.492849 0.0855611 0.0566555 0.477853
18 0.315667 0.497357 0.0788422 0.0609129 0.463918
18 0.277428 0.573781 0.115187 0.12236 0.403224
18 0.149429 0.48635 0.0475828 0.047693 0.368368
18 0.00778359 0.556629 0.0155672 0.0875245 0.357951
18 0.553353 0.458183 0.073379 0.066646 0.346508
18 0.245983 0.571336 0.0558966 0.121688 0.316925
18 0.184168 0.550788 0.0737415 0.102373 0.294795
2 0.0664785 0.81268 0.131839 0.328212 0.268659
18 0.465715 0.541112 0.095895 0.143359 0.258851
18 0.234647 0.506174 0.0862262 0.073056 0.25391
