0 0.957923 0.69179 0.0832012 0.391228 0.884433
0 0.502735 0.850637 0.0625267 0.298726 0.813801
0 0.600645 0.815686 0.115778 0.367948 0.813058
0 0.421338 0.863912 0.0614477 0.272176 0.771417
0 0.845168 0.716996 0.0899349 0.343084 0.643504
0 0.68192 0.706057 0.060322 0.195995 0.643341
26 0.551151 0.893948 0.034586 0.0988159 0.604548
0 0.766548 0.679705 0.0420374 0.22287 0.578119
24 0.425897 0.824632 0.0509663 0.125943 0.577569
28 0.705081 0.881829 0.0773508 0.189111 0.553569
0 0.733371 0.658778 0.0357674 0.186822 0.553334
6 0.267317 0.803096 0.531579 0.382197 0.516785
0 0.82868 0.707827 0.0825642 0.334218 0.493307
0 0.527615 0.767267 0.0339928 0.197435 0.427103
0 0.622625 0.680539 0.0295681 0.115784 0.414534
28 0.764787 0.741921 0.0361028 0.0973687 0.402728
