0 0.232879 0.620289 0.165437 0.353541 0.823334
5 0.873348 0.424789 0.251908 0.422384 0.821952
0 0.667627 0.56653 0.0486288 0.290034 0.784183
0 0.706967 0.580345 0.0914261 0.281757 0.780266
0 0.364506 0.505293 0.045655 0.197271 0.729095
56 0.18464 0.708911 0.145228 0.245549 0.68504
0 0.020132 0.578671 0.0400021 0.30396 0.644446
2 0.610126 0.469631 0.0853458 0.0532092 0.64248
0 0.2815 0.455845 0.0442876 0.108195 0.615902
2 0.738324 0.471114 0.0326557 0.0468539 0.593958
2 0.532202 0.490398 0.09678 0.078205 0.517742
2 0.594158 0.499467 0.0549294 0.0518689 0.451781
2 0.565287 0.489921 0.113101 0.0775312 0.449835
0 0.0802756 0.55433 0.0650057 0.196914 0.429802
26 0.744165 0.544539 0.0219451 0.0758255 0.366093
56 0.0844811 0.630534 0.0747701 0.155773 0.364117
2 0.547802 0.489471 0.0813144 0.0767484 0.328176
5 0.244832 0.418458 0.481705 0.347489 0.284446
