2 0.953879 0.63833 0.0908121 0.341657 0.772329
0 0.259996 0.545972 0.128705 0.291635 0.732836
1 0.691405 0.660326 0.0901634 0.334061 0.647968
2 0.831716 0.556635 0.131298 0.178991 0.613936
56 0.358647 0.574331 0.0525021 0.130842 0.606817
56 0.13129 0.656417 0.0993313 0.287103 0.564219
1 0.795182 0.661447 0.149988 0.356949 0.505914
25 0.434066 0.202447 0.327188 0.265293 0.469938
0 0.121764 0.545449 0.085311 0.307305 0.45879
2 0.903544 0.540032 0.0492517 0.0508994 0.413391
25 0.432332 0.347876 0.331982 0.569782 0.31277
0 0.241071 0.447664 0.0901552 0.0922393 0.299411
2 0.938709 0.528622 0.0308018 0.0440224 0.275891
60 0.39244 0.564588 0.12796 0.132543 0.275136
0 0.226551 0.446967 0.0606876 0.0903421 0.250715
