0 0.421645 0.457013 0.2023 0.30149 0.92083
0 0.111015 0.813265 0.122481 0.361191 0.904034
0 0.897178 0.594181 0.106968 0.357338 0.876769
0 0.606321 0.562364 0.147945 0.287594 0.86429
0 0.0955353 0.243749 0.106873 0.336762 0.858438
0 0.712542 0.74943 0.180918 0.27882 0.851087
0 0.480908 0.723004 0.191601 0.305206 0.833098
0 0.758087 0.391663 0.135597 0.300209 0.729933
0 0.576271 0.748232 0.142339 0.383855 0.646506
0 0.151886 0.141822 0.0954501 0.28196 0.490645
0 0.576653 0.226978 0.0830824 0.178444 0.313024
0 0.632827 0.127566 0.0490724 0.0895521 0.261922
0 0.659095 0.262322 0.0659498 0.144793 0.260702
0 0.581388 0.118469 0.0607182 0.112727 0.250662
