5 0.470696 0.471834 0.467121 0.470659 0.932334
5 0.204332 0.25272 0.240083 0.301195 0.908945
2 0.766507 0.843455 0.260901 0.262246 0.89506
2 0.306264 0.708756 0.221128 0.255452 0.866226
2 0.044082 0.393552 0.0878917 0.14724 0.855288
0 0.0371506 0.181119 0.0319797 0.11004 0.767758
2 0.935203 0.899566 0.128619 0.199689 0.459798
2 0.619904 0.985753 0.185037 0.0274879 0.451197
0 0.203699 0.264971 0.0354854 0.0464643 0.349115
2 0.948874 0.103381 0.0997772 0.0755512 0.347657
2 0.912257 0.114473 0.025589 0.0614877 0.310393
0 0.00476548 0.119238 0.00953097 0.0799079 0.259243
