33 0.882155 0.170515 0.137029 0.15604 0.871388
0 0.0527615 0.811751 0.0277052 0.0855926 0.715062
0 0.018779 0.808734 0.0185471 0.08242 0.628614
25 0.706801 0.792479 0.0686635 0.0523909 0.626907
0 0.0898906 0.978402 0.0394679 0.0419052 0.625144
0 0.336894 0.810266 0.0267538 0.0638555 0.616422
25 0.7853 0.793082 0.0604259 0.0500389 0.478674
0 0.343241 0.810666 0.0159639 0.0613609 0.464011
0 0.332312 0.810712 0.0181467 0.0620478 0.452126
0 0.850557 0.714729 0.0148724 0.0499968 0.36565
25 0.878873 0.81013 0.0603615 0.0421645 0.353149
0 0.720057 0.750275 0.0154623 0.0358205 0.344565
0 0.875761 0.716298 0.0137087 0.0395093 0.282402
25 0.644071 0.686792 0.0342559 0.0334623 0.263773
