0 0.33684 0.563407 0.503425 0.813832 0.848891
0 0.638854 0.33671 0.138257 0.0751024 0.797637
0 0.794241 0.328484 0.173338 0.0816833 0.796539
38 0.140871 0.14823 0.18742 0.274548 0.781916
0 0.210015 0.257066 0.140119 0.138057 0.618245
0 0.248962 0.157772 0.145029 0.180217 0.576382
0 0.0605457 0.267214 0.116662 0.137317 0.558106
0 0.78995 0.268751 0.168402 0.141366 0.548653
0 0.668161 0.167879 0.153783 0.165776 0.53995
0 0.0518469 0.344262 0.103156 0.0745379 0.502551
0 0.646814 0.262753 0.163529 0.15802 0.490159
56 0.469016 0.13872 0.110389 0.0284097 0.406577
0 0.386745 0.0620932 0.170866 0.124062 0.330591
0 0.930699 0.333052 0.0955959 0.0580306 0.292207
0 0.627969 0.0674674 0.1569 0.134783 0.279227
