0 0.672103 0.63459 0.162305 0.458697 0.884596
0 0.0685822 0.642 0.0919616 0.426514 0.838294
56 0.78987 0.671447 0.119461 0.285235 0.806174
0 0.681466 0.282486 0.0906982 0.210885 0.805015
0 0.105057 0.273634 0.0883831 0.243577 0.799332
0 0.464174 0.239827 0.0850829 0.231582 0.773262
0 0.329996 0.31902 0.132088 0.351391 0.762279
0 0.0147532 0.317159 0.0293206 0.156151 0.543516
0 0.873779 0.11323 0.0788128 0.226461 0.493694
56 0.318137 0.543983 0.102982 0.29074 0.451994
0 0.94729 0.111885 0.0608219 0.217866 0.372932
0 0.223669 0.103328 0.0539732 0.189505 0.360897
24 0.429435 0.769136 0.0377339 0.0859755 0.267799
