0 0.215706 0.724861 0.429416 0.548227 0.933416
0 0.832606 0.726115 0.333673 0.545299 0.883599
0 0.227361 0.308378 0.104409 0.282723 0.87825
0 0.894328 0.347097 0.136604 0.230007 0.873317
0 0.49534 0.628605 0.209984 0.74279 0.870104
0 0.0882172 0.369078 0.176434 0.310756 0.855334
0 0.368197 0.276074 0.131354 0.248845 0.819998
0 0.559094 0.155936 0.102413 0.203012 0.782438
53 0.72207 0.766749 0.0978361 0.0724355 0.737038
0 0.810683 0.553325 0.225045 0.560002 0.672328
0 0.0267405 0.570015 0.0531667 0.136828 0.655214
0 0.0509785 0.2533 0.10167 0.208499 0.638369
0 0.621313 0.278548 0.112846 0.182974 0.633517
0 0.600491 0.41672 0.153823 0.354862 0.551164
0 0.481134 0.244366 0.0848845 0.140753 0.48484
0 0.698877 0.330972 0.115058 0.265288 0.474035
0 0.69904 0.388502 0.115265 0.38327 0.423405
56 0.121224 0.544697 0.0690238 0.200741 0.415939
0 0.783188 0.19247 0.106754 0.216547 0.409545
0 0.777816 0.609053 0.290551 0.671429 0.400423
56 0.0790531 0.587913 0.156615 0.290129 0.375854
0 0.578747 0.411645 0.108448 0.348122 0.349314
56 0.38868 0.832642 0.105964 0.199434 0.311527
0 0.473798 0.27572 0.108643 0.200727 0.310931
56 0.293079 0.418422 0.0977314 0.171839 0.27547
63 0.726417 0.431025 0.0765266 0.0627241 0.268642
53 0.763631 0.459698 0.0669437 0.0476714 0.261582
56 0.627605 0.577884 0.0923136 0.280242 0.253734
