4 0.263405 0.538341 0.526809 0.904322 0.861575
5 0.808286 0.404131 0.381955 0.295581 0.813347
0 0.919856 0.806913 0.0727692 0.280664 0.769548
0 0.803145 0.599953 0.0472064 0.187361 0.744011
0 0.958043 0.638012 0.0710041 0.205987 0.673842
0 0.258023 0.389326 0.0231442 0.0742769 0.656032
0 0.849593 0.563015 0.0508629 0.159712 0.604043
0 0.366241 0.359511 0.0181762 0.0675757 0.596283
0 0.446075 0.404292 0.033979 0.0943362 0.58861
0 0.889806 0.62267 0.0602596 0.173801 0.575765
0 0.726066 0.612637 0.0571157 0.216748 0.57283
0 0.482599 0.420623 0.0332174 0.0926543 0.571311
4 0.496234 0.232182 0.986788 0.360689 0.538505
0 0.286482 0.374215 0.0253995 0.084778 0.516929
0 0.343935 0.36334 0.0175193 0.0861954 0.515865
28 0.603405 0.651778 0.0329352 0.0643637 0.501197
0 0.61561 0.565531 0.037294 0.167137 0.477946
0 0.819698 0.473118 0.029226 0.119504 0.455871
24 0.933308 0.776268 0.0484465 0.109261 0.407478
0 0.75262 0.459281 0.0354741 0.150953 0.396806
26 0.744884 0.624507 0.0306844 0.126969 0.390536
0 0.321069 0.355563 0.0175161 0.0745476 0.389443
24 0.982572 0.611775 0.0295067 0.0993283 0.359734
0 0.784266 0.463833 0.0306636 0.137297 0.351247
26 0.701609 0.636967 0.0264651 0.0830755 0.346734
0 0.982863 0.956455 0.0334324 0.0870895 0.287331
26 0.982858 0.616743 0.0282532 0.0918094 0.271554
26 0.818528 0.577662 0.0213795 0.0555015 0.265514
26 0.705131 0.631236 0.0354963 0.106773 0.258082
