0 0.648688 0.408175 0.187527 0.802705 0.883718
0 0.239203 0.480388 0.333102 0.790505 0.84745
27 0.626989 0.225969 0.0756967 0.179157 0.67429
2 0.522552 0.480808 0.147118 0.161943 0.61419
0 0.855111 0.486526 0.0206812 0.0857376 0.595043
0 0.907736 0.482851 0.0161121 0.0861359 0.504315
0 0.889099 0.482348 0.0204639 0.0944976 0.480485
2 0.614291 0.511305 0.322155 0.109238 0.461697
0 0.801474 0.479698 0.0133127 0.0525269 0.363218
0 0.910373 0.480288 0.0165779 0.0910039 0.343422
2 0.617404 0.507475 0.298321 0.227262 0.339129
9 0.88833 0.207321 0.0178894 0.0539029 0.317659
2 0.617039 0.482871 0.340002 0.165585 0.279791
2 0.723437 0.511233 0.10444 0.0973417 0.276461
