0 0.287957 0.390337 0.0872612 0.228256 0.79573
0 0.782518 0.488627 0.0660736 0.142855 0.731281
0 0.897408 0.50859 0.0672401 0.195422 0.728216
2 0.328519 0.138354 0.0724172 0.0342637 0.642742
0 0.458163 0.480097 0.0607941 0.172897 0.623765
0 0.503149 0.148727 0.0137197 0.0488344 0.606966
8 0.521059 0.529963 0.954254 0.155822 0.585863
0 0.959933 0.508485 0.0790745 0.178103 0.56877
0 0.568774 0.489367 0.0742409 0.163897 0.444796
0 0.727107 0.502402 0.0685598 0.12117 0.406032
0 0.834521 0.478266 0.0626835 0.154208 0.386097
0 0.876232 0.131467 0.0168411 0.0511218 0.378397
0 0.814417 0.133142 0.0170002 0.043712 0.364404
0 0.534561 0.149959 0.0157942 0.0415163 0.355984
0 0.683747 0.47794 0.0509142 0.154376 0.353581
8 0.456099 0.500753 0.874831 0.196604 0.333578
2 0.387858 0.137455 0.0460572 0.0269271 0.325677
0 0.653037 0.501373 0.0918274 0.163875 0.316465
0 0.516935 0.452382 0.0702435 0.142342 0.299754
0 0.833098 0.504336 0.0710443 0.11538 0.260648
