5 0.512925 0.575932 0.293997 0.259104 0.902811
5 0.730237 0.592773 0.156403 0.210706 0.882498
0 0.28901 0.626899 0.0420142 0.16709 0.851457
2 0.886456 0.656883 0.0901352 0.0752539 0.755926
9 0.170171 0.492972 0.0311263 0.101614 0.659531
9 0.380539 0.50212 0.0269521 0.0875871 0.632056
5 0.104508 0.533678 0.160292 0.255922 0.599041
5 0.824745 0.603078 0.0555809 0.171293 0.495919
9 0.232101 0.565632 0.0120894 0.044944 0.445224
9 0.199981 0.502395 0.0180367 0.0692639 0.424924
9 0.232515 0.430004 0.01875 0.0736164 0.310355
