0 0.472053 0.312527 0.176534 0.304532 0.891379
0 0.188936 0.577738 0.322146 0.689104 0.842072
60 0.474329 0.708159 0.687187 0.579972 0.828974
43 0.355012 0.856972 0.0795401 0.140176 0.812865
41 0.549518 0.736412 0.0494447 0.168576 0.785923
41 0.632114 0.758412 0.0584482 0.10674 0.785494
0 0.812003 0.623398 0.285006 0.749339 0.736892
0 0.520769 0.119803 0.134374 0.17676 0.666445
43 0.595233 0.549128 0.0572369 0.07892 0.657939
0 0.652176 0.393525 0.197035 0.4585 0.652826
56 0.950492 0.780144 0.097998 0.438786 0.646397
41 0.392896 0.580362 0.0421639 0.150796 0.642789
2 0.794491 0.118256 0.11119 0.075341 0.574345
56 0.092674 0.747134 0.184985 0.497304 0.559081
56 0.396357 0.173369 0.0741359 0.168411 0.469777
2 0.920626 0.0856345 0.0803028 0.0475429 0.456148
0 0.38443 0.0982355 0.0865903 0.17454 0.451054
2 0.876067 0.078006 0.0835865 0.0464295 0.43511
53 0.269274 0.861387 0.119522 0.0907257 0.406288
41 0.528712 0.453415 0.0339287 0.100699 0.403481
43 0.311433 0.619363 0.0560925 0.0918574 0.39861
2 0.955898 0.0946392 0.0866838 0.0582405 0.392958
56 0.0973634 0.209662 0.106308 0.0676941 0.389828
2 0.886091 0.0807085 0.0670567 0.0462708 0.380766
41 0.481305 0.350567 0.0325072 0.0567486 0.379877
53 0.343471 0.791352 0.167113 0.1481 0.357163
60 0.0778045 0.316137 0.155592 0.1634 0.3438
0 0.298962 0.133168 0.102197 0.232387 0.337128
56 0.0275115 0.736514 0.0547915 0.483897 0.327007
41 0.481046 0.378791 0.0336701 0.113319 0.317024
0 0.376128 0.114653 0.104168 0.207602 0.305888
2 0.702147 0.168478 0.152382 0.108657 0.275558
2 0.776706 0.118185 0.0764435 0.0723877 0.275463
56 0.0246046 0.169057 0.0490365 0.143579 0.272207
60 0.2037 0.206692 0.156106 0.123138 0.271522
0 0.491125 0.0662686 0.0361136 0.0710021 0.268521
60 0.0772771 0.270018 0.154417 0.0670118 0.267182
