0 0.0533936 0.278779 0.075453 0.151377 0.854895
0 0.369022 0.188287 0.0408875 0.0778514 0.73733
25 0.485158 0.777838 0.969225 0.433614 0.691027
0 0.485707 0.194916 0.0282881 0.0734823 0.670164
2 0.837854 0.19421 0.211603 0.132125 0.623868
0 0.420556 0.195599 0.0296966 0.0713663 0.573754
3 0.736384 0.245434 0.240122 0.0980999 0.451601
1 0.179423 0.297925 0.0777353 0.0902138 0.413213
3 0.736268 0.293206 0.257039 0.138827 0.372354
7 0.965834 0.136993 0.0671228 0.115088 0.362961
3 0.673923 0.354815 0.410904 0.171457 0.330239
0 0.652761 0.155814 0.017948 0.0406336 0.275178
3 0.691978 0.35907 0.300103 0.158706 0.260873
