0 0.7985 0.616712 0.104385 0.282632 0.909547
0 0.486903 0.664406 0.0936047 0.346816 0.851531
0 0.560706 0.677933 0.0790158 0.368393 0.801527
2 0.966887 0.480252 0.0655125 0.0618368 0.759161
0 0.358776 0.734631 0.0830129 0.176368 0.696026
25 0.163974 0.453877 0.156605 0.141028 0.531935
2 0.924624 0.476625 0.0625095 0.0490936 0.520922
25 0.517127 0.518025 0.26007 0.187512 0.454261
25 0.578912 0.541531 0.137362 0.140127 0.39853
25 0.455248 0.490714 0.128906 0.128523 0.273376
25 0.252783 0.458856 0.333982 0.140949 0.253306
