2 0.453692 0.686558 0.0979393 0.137415 0.847642
2 0.55127 0.594507 0.0601713 0.0843595 0.79814
9 0.756252 0.0772437 0.0210951 0.073626 0.695496
0 0.961582 0.81394 0.0328358 0.213349 0.619436
9 0.405164 0.216803 0.0281883 0.0947728 0.609855
0 0.143922 0.747886 0.0339396 0.171595 0.605331
9 0.987782 0.615204 0.0223318 0.120326 0.599899
9 0.0178513 0.42026 0.0256445 0.130164 0.578556
0 0.833555 0.362067 0.0176167 0.0569089 0.523714
5 0.868281 0.744082 0.206678 0.322755 0.521076
2 0.713644 0.346504 0.0539127 0.0647767 0.507497
9 0.180128 0.0584085 0.0373845 0.115965 0.472163
9 0.943002 0.527354 0.0178116 0.0824734 0.465403
0 0.211107 0.629856 0.0237418 0.106264 0.453597
0 0.326667 0.639517 0.0218478 0.115898 0.44601
2 0.624261 0.416002 0.0441483 0.0692713 0.39023
0 0.686051 0.502611 0.0219252 0.0405158 0.351126
9 0.176429 0.0487852 0.0346964 0.0973007 0.327527
9 0.188126 0.467066 0.0201323 0.0939415 0.291153
1 0.220194 0.705654 0.0449354 0.0995668 0.284969
3 0.683181 0.546544 0.041293 0.0470641 0.273188
2 0.450123 0.61802 0.075086 0.052628 0.270821
