0 0.881053 0.753633 0.172659 0.32668 0.909085
0 0.555269 0.763937 0.223529 0.24585 0.906711
2 0.332848 0.676637 0.139349 0.0556988 0.751
0 0.435774 0.711873 0.079993 0.145923 0.724967
2 0.792062 0.668905 0.0633247 0.0558799 0.665179
28 0.710496 0.807343 0.131709 0.227438 0.65236
0 0.140902 0.657144 0.0329077 0.054203 0.567368
2 0.580438 0.653867 0.0691053 0.0272359 0.466837
2 0.688317 0.646434 0.0678856 0.0285329 0.433697
2 0.486848 0.653738 0.069369 0.0387152 0.429977
2 0.593477 0.654766 0.0431946 0.0255802 0.415054
28 0.717121 0.855944 0.117371 0.130761 0.406016
0 0.228555 0.674219 0.0465989 0.0799719 0.330506
2 0.850738 0.669266 0.178916 0.0540185 0.310943
0 0.214009 0.653348 0.0280658 0.0401696 0.304447
0 0.180089 0.658204 0.0327376 0.0371965 0.30361
2 0.567391 0.653016 0.0958034 0.0313719 0.272013
0 0.107537 0.652071 0.0249142 0.0283068 0.269127
2 0.39296 0.674524 0.0636014 0.0297023 0.263691
