3 0.370058 0.804215 0.695425 0.351623 0.934017
2 0.236093 0.549554 0.337068 0.0927397 0.818038
2 0.0938672 0.651924 0.187208 0.132112 0.805624
2 0.71764 0.580487 0.410203 0.178534 0.801177
2 0.509756 0.527028 0.158957 0.038368 0.581669
2 0.935676 0.581935 0.12755 0.153974 0.566346
0 0.0203044 0.525118 0.0405304 0.0921377 0.547257
2 0.458916 0.565844 0.187655 0.0935732 0.430778
2 0.352429 0.527402 0.148805 0.0631912 0.410651
7 0.936407 0.582261 0.126146 0.153642 0.38305
2 0.102345 0.523119 0.14836 0.0875101 0.298365
2 0.414545 0.552322 0.276984 0.114954 0.270266
0 0.0119489 0.521898 0.0238979 0.0960953 0.259052
