1 0.347871 0.722595 0.484155 0.538833 0.896679
0 0.444359 0.510845 0.249222 0.720088 0.859005
0 0.723058 0.485353 0.0558502 0.194895 0.727047
1 0.70974 0.532621 0.0803265 0.150392 0.619684
1 0.876398 0.521814 0.0346947 0.0704777 0.511813
1 0.946872 0.539959 0.0284407 0.0663908 0.51036
0 0.958438 0.496964 0.0353336 0.11184 0.479023
0 0.882402 0.48676 0.0296978 0.0893989 0.461658
1 0.941777 0.535883 0.0346571 0.0733948 0.429274
0 0.878258 0.500333 0.0362637 0.112902 0.424144
24 0.244532 0.706904 0.149242 0.266088 0.40756
0 0.986954 0.506907 0.0253559 0.0968084 0.328851
24 0.69344 0.497896 0.0496985 0.0894223 0.277158
28 0.244848 0.70734 0.149192 0.268228 0.251853
