0 0.859974 0.388668 0.278886 0.538582 0.834615
0 0.459682 0.374397 0.366008 0.351177 0.802337
0 0.280902 0.267502 0.110361 0.143365 0.751926
0 0.193455 0.255957 0.115951 0.158624 0.61039
16 0.135874 0.7403 0.271748 0.363617 0.548222
0 0.635466 0.274493 0.109985 0.118794 0.54336
1 0.841353 0.580624 0.31571 0.369944 0.541364
25 0.740547 0.195868 0.21743 0.0653739 0.539994
25 0.221558 0.104532 0.439582 0.11673 0.472118
25 0.295007 0.160202 0.406731 0.0872213 0.468879
0 0.709011 0.273079 0.0703847 0.115076 0.410185
18 0.416801 0.615076 0.221739 0.325709 0.403461
16 0.417286 0.61585 0.221984 0.326392 0.39797
25 0.278042 0.124597 0.552968 0.159283 0.369627
25 0.539272 0.225154 0.174855 0.0536113 0.316181
0 0.0331702 0.29693 0.0661027 0.171897 0.288123
18 0.271077 0.606391 0.122794 0.332951 0.256659
