0 0.406357 0.582331 0.189159 0.568713 0.914258
38 0.396562 0.692191 0.0313781 0.124724 0.830184
0 0.681548 0.170007 0.0613148 0.125005 0.80006
0 0.200457 0.160804 0.0768003 0.14221 0.764094
0 0.900401 0.464055 0.0855003 0.207073 0.753927
0 0.815115 0.164337 0.0783931 0.139051 0.728678
0 0.749242 0.166699 0.0653732 0.129068 0.648311
0 0.0923797 0.164777 0.0540355 0.128259 0.599849
24 0.540652 0.46561 0.0866703 0.107535 0.577852
0 0.145809 0.162749 0.0630171 0.131309 0.559596
0 0.0404241 0.162784 0.0710023 0.1359 0.554798
56 0.705653 0.420542 0.103939 0.213182 0.548545
0 0.491739 0.168079 0.0565042 0.127799 0.532304
0 0.618073 0.170376 0.0645314 0.120929 0.518797
38 0.39294 0.686236 0.0417996 0.143896 0.497271
0 0.542083 0.182371 0.0535765 0.0988021 0.358489
56 0.622193 0.391224 0.0984499 0.252387 0.304416
0 0.77355 0.100636 0.061533 0.142415 0.291853
0 0.844804 0.139324 0.0667376 0.180263 0.290393
