0 0.350043 0.615808 0.121964 0.577423 0.904294
0 0.909607 0.61221 0.154617 0.531793 0.889738
0 0.0852746 0.58827 0.106491 0.55433 0.888283
0 0.821544 0.576797 0.12249 0.556799 0.86457
29 0.532337 0.798794 0.056994 0.04098 0.842347
24 0.616387 0.784844 0.0940827 0.124584 0.714049
2 0.121525 0.533512 0.0327674 0.0463361 0.689963
13 0.625417 0.858038 0.506933 0.267121 0.675297
2 0.0204521 0.513791 0.0305411 0.0236851 0.416318
32 0.103032 0.663978 0.0446509 0.0653593 0.299046
29 0.102704 0.664768 0.0455305 0.0657461 0.285371
