0 0.41269 0.66052 0.227628 0.671475 0.927735
0 0.166209 0.717161 0.331423 0.552761 0.918609
0 0.691506 0.617761 0.41229 0.743669 0.915047
0 0.310197 0.467345 0.0814232 0.198012 0.618518
2 0.953342 0.590744 0.092551 0.254712 0.597566
0 0.0932266 0.64811 0.186453 0.653267 0.396731
0 0.570485 0.529527 0.117007 0.320223 0.340074
0 0.0257599 0.503213 0.0515197 0.184196 0.330081
9 0.0396413 0.21579 0.0153728 0.0517849 0.288762
0 0.0930615 0.526603 0.183047 0.410048 0.281318
0 0.554535 0.669296 0.141989 0.607618 0.276186
67 0.806042 0.473204 0.0241331 0.0797362 0.267338
