0 0.936157 0.563246 0.126724 0.858683 0.926621
0 0.399273 0.665466 0.191028 0.650108 0.918852
0 0.0386251 0.687006 0.0768883 0.485778 0.885758
0 0.580865 0.496633 0.134756 0.249506 0.878799
0 0.169052 0.650352 0.0991988 0.453953 0.855096
0 0.808238 0.676927 0.148236 0.617945 0.851798
0 0.243277 0.622429 0.0736664 0.371033 0.830012
0 0.730335 0.523116 0.0551675 0.257997 0.797392
0 0.0860556 0.664737 0.0758003 0.394716 0.665318
45 0.611291 0.648503 0.0451177 0.0399956 0.659749
60 0.649846 0.794019 0.351264 0.394271 0.630811
26 0.337114 0.843587 0.0819434 0.20339 0.62325
0 0.294892 0.59192 0.0412803 0.282472 0.622987
0 0.855878 0.481335 0.0439013 0.136906 0.482469
0 0.635744 0.469227 0.0399847 0.0997083 0.47248
26 0.0871609 0.704717 0.06713 0.10756 0.414058
0 0.637271 0.52215 0.0482756 0.20817 0.385576
0 0.0811835 0.579203 0.0546249 0.21138 0.285095
26 0.337619 0.79635 0.0831027 0.299596 0.263334
