2 0.562261 0.855594 0.110576 0.0772776 0.893304
2 0.651329 0.849108 0.0849671 0.0585456 0.832927
0 0.193941 0.830518 0.0175721 0.0426123 0.694638
2 0.407089 0.830545 0.0519074 0.0401859 0.678273
2 0.364609 0.821997 0.0244191 0.0215928 0.676526
7 0.858648 0.884164 0.282536 0.210223 0.599627
2 0.858968 0.884001 0.281372 0.210355 0.566876
5 0.522058 0.792995 0.0924259 0.0643622 0.547234
2 0.359955 0.821248 0.0307568 0.0214288 0.546918
0 0.253668 0.830392 0.00925751 0.0384002 0.279583
0 0.246729 0.828977 0.0124107 0.0375925 0.26868
