18 0.293524 0.632121 0.191867 0.230595 0.843589
18 0.396261 0.602505 0.161894 0.244392 0.815443
2 0.75107 0.417952 0.077334 0.087386 0.753941
18 0.0423762 0.657273 0.0844754 0.165944 0.753038
18 0.137223 0.625753 0.14129 0.227875 0.659931
18 0.658911 0.595285 0.10224 0.241088 0.658643
18 0.588528 0.597296 0.104511 0.239624 0.649709
18 0.785885 0.56369 0.113318 0.169195 0.549246
18 0.471985 0.601341 0.10037 0.230375 0.480441
18 0.717212 0.591396 0.117134 0.207648 0.468799
18 0.804124 0.565303 0.075857 0.166466 0.432328
18 0.516436 0.559397 0.0654345 0.143137 0.304518
18 0.344145 0.517991 0.0618337 0.074391 0.299424
18 0.60532 0.445249 0.0348421 0.030743 0.286143
18 0.364813 0.520292 0.0970416 0.07761 0.259169
