0 0.829702 0.66678 0.182691 0.648728 0.923407
0 0.353667 0.48906 0.0509744 0.237472 0.87921
0 0.0715893 0.460928 0.0510673 0.186106 0.822856
0 0.299708 0.454758 0.051194 0.158672 0.81035
0 0.734019 0.469087 0.038286 0.202166 0.793006
0 0.606492 0.452676 0.0334913 0.161573 0.771179
0 0.259326 0.445568 0.03431 0.131258 0.75094
0 0.550105 0.471586 0.060478 0.214531 0.74501
32 0.786085 0.328185 0.0510191 0.0729267 0.718111
0 0.680275 0.461217 0.040076 0.188119 0.694302
0 0.573139 0.442445 0.0321447 0.144597 0.625286
0 0.890511 0.466164 0.0513023 0.173889 0.607163
0 0.509198 0.443418 0.0374642 0.130927 0.57478
0 0.658315 0.455586 0.0297295 0.17309 0.559471
0 0.479025 0.438008 0.0278956 0.12731 0.475445
0 0.653211 0.453917 0.0433636 0.169658 0.455434
0 0.0160103 0.608712 0.031785 0.253091 0.431595
0 0.0104975 0.6097 0.020814 0.250165 0.401464
0 0.0069685 0.563755 0.0138309 0.157115 0.323023
0 0.480466 0.459606 0.0293627 0.15444 0.317341
