2 0.137234 0.851466 0.237491 0.251852 0.921299
2 0.250248 0.828479 0.0931553 0.206002 0.836943
2 0.412505 0.745392 0.0768001 0.0901574 0.828939
2 0.280831 0.800552 0.128339 0.188282 0.707854
2 0.332359 0.796339 0.0587429 0.174168 0.701562
2 0.450342 0.733841 0.0379843 0.068241 0.641116
2 0.831756 0.746819 0.0730015 0.0604081 0.636548
9 0.959383 0.583124 0.0242267 0.0724599 0.485944
2 0.333801 0.769206 0.0567811 0.120821 0.367214
9 0.671423 0.546152 0.0166237 0.0347874 0.361168
2 0.714791 0.729701 0.0443038 0.0516721 0.263257
