45 0.38458 0.877202 0.262784 0.245104 0.882435
45 0.44083 0.706303 0.195486 0.18401 0.866675
60 0.453943 0.534016 0.885424 0.931969 0.822146
0 0.916111 0.544067 0.166793 0.906906 0.806502
56 0.781802 0.216005 0.157039 0.18589 0.801706
45 0.592087 0.706356 0.103551 0.133183 0.723195
45 0.316156 0.666367 0.150049 0.162517 0.68931
56 0.42167 0.0976689 0.164128 0.123524 0.676638
56 0.041142 0.276157 0.0820323 0.170606 0.622008
0 0.064021 0.162698 0.127608 0.2686 0.57962
56 0.627839 0.159742 0.159857 0.153563 0.499813
56 0.0827112 0.726741 0.164529 0.540451 0.459302
45 0.642923 0.878806 0.282095 0.230293 0.456639
56 0.0379668 0.85345 0.0754794 0.291195 0.455717
0 0.928752 0.0809345 0.141534 0.161665 0.454835
49 0.364056 0.473122 0.052056 0.0449412 0.429669
56 0.134411 0.135808 0.107802 0.271018 0.424246
45 0.367564 0.196699 0.102207 0.0766871 0.391518
45 0.514419 0.170852 0.0834988 0.0714267 0.313702
45 0.620988 0.590114 0.136712 0.115502 0.280495
