56 0.390669 0.756702 0.150207 0.448428 0.915209
56 0.875596 0.664632 0.116354 0.0856266 0.863203
56 0.50043 0.686176 0.113057 0.312611 0.856009
56 0.589015 0.627574 0.0804654 0.207869 0.841439
56 0.632723 0.882045 0.211465 0.229961 0.834641
0 0.451549 0.462983 0.0670356 0.142006 0.797235
60 0.741257 0.833378 0.513317 0.322374 0.609869
0 0.508265 0.455956 0.058954 0.146888 0.583426
60 0.754135 0.755771 0.490661 0.171034 0.527392
39 0.904035 0.56041 0.0133362 0.0526517 0.356407
63 0.0821613 0.486854 0.16247 0.155233 0.350416
72 0.826645 0.489429 0.0579414 0.295827 0.311474
56 0.804075 0.655713 0.0426807 0.061138 0.311019
62 0.0478823 0.476169 0.0872177 0.132913 0.274851
56 0.828644 0.596447 0.0548906 0.0512279 0.263576
