2 0.223877 0.652054 0.446622 0.669716 0.877764
7 0.781981 0.453343 0.370497 0.358654 0.844294
0 0.701039 0.556877 0.0941409 0.285598 0.83941
7 0.347145 0.467242 0.180481 0.240864 0.806735
0 0.49622 0.545957 0.0542876 0.239508 0.804237
2 0.826584 0.669939 0.345592 0.642895 0.733558
0 0.286638 0.491608 0.0324049 0.140663 0.449797
0 0.912881 0.434858 0.0450806 0.0664535 0.4255
26 0.471935 0.525298 0.0340693 0.0904778 0.362512
0 0.279352 0.488121 0.0412744 0.134292 0.319447
26 0.473489 0.538257 0.030887 0.0620864 0.288447
