58 0.0594974 0.899754 0.115618 0.115795 0.844071
58 0.271182 0.918719 0.131255 0.161969 0.79821
0 0.845513 0.828951 0.0388918 0.149745 0.747463
0 0.472272 0.824098 0.0404083 0.137659 0.734463
0 0.952366 0.842975 0.0522589 0.160747 0.725995
0 0.885437 0.838351 0.0387947 0.171659 0.683343
0 0.607626 0.813771 0.0299694 0.115312 0.671215
58 0.517398 0.914441 0.0969759 0.118489 0.663533
0 0.767382 0.804933 0.0298969 0.0827099 0.658796
0 0.917397 0.819424 0.0278324 0.131451 0.633966
2 0.715489 0.805527 0.0806248 0.0877248 0.607288
0 0.507273 0.812349 0.041508 0.108921 0.573543
0 0.987357 0.860524 0.0244053 0.163368 0.505632
0 0.410583 0.844578 0.0621855 0.207979 0.476619
