23 0.579956 0.517579 0.189455 0.363367 0.856475
23 0.350121 0.524059 0.276457 0.463498 0.808235
0 0.0550011 0.515591 0.0596395 0.078157 0.718562
0 0.149522 0.51277 0.0529909 0.105832 0.697696
0 0.23379 0.525739 0.0389437 0.0527531 0.547705
23 0.663642 0.522543 0.202242 0.33934 0.545358
23 0.394344 0.522319 0.190228 0.463027 0.512781
23 0.687998 0.555471 0.153473 0.275858 0.449082
0 0.102771 0.524786 0.0491135 0.0532798 0.335682
0 0.111884 0.518015 0.0421891 0.0642867 0.300073
0 0.0917815 0.52935 0.0262504 0.0430824 0.286628
0 0.107943 0.521138 0.0307183 0.058241 0.273605
