0 0.840376 0.370979 0.0790689 0.153923 0.826649
0 0.755579 0.376038 0.0575849 0.147918 0.803985
0 0.0469455 0.370092 0.0645061 0.142414 0.722846
0 0.523021 0.351132 0.0486485 0.0806591 0.620232
3 0.292104 0.480202 0.508685 0.233127 0.571446
0 0.681339 0.355686 0.0458356 0.111834 0.539685
0 0.396783 0.344085 0.0428664 0.0556897 0.530743
3 0.196103 0.484276 0.315259 0.228902 0.526969
0 0.0176194 0.375893 0.0352388 0.138374 0.515215
3 0.538981 0.538283 0.822336 0.305557 0.496043
3 0.511517 0.710055 0.838329 0.453994 0.382639
1 0.51043 0.757394 0.842488 0.349392 0.381894
0 0.5474 0.349736 0.0313205 0.0594555 0.368316
3 0.209752 0.439832 0.350756 0.203264 0.364644
0 0.484899 0.348546 0.040148 0.0738284 0.318923
25 0.223159 0.313236 0.0910548 0.0239087 0.300693
