0 0.607687 0.755815 0.0907642 0.242545 0.893859
0 0.205818 0.735962 0.0891093 0.297674 0.864014
0 0.502721 0.727013 0.101625 0.306557 0.839143
0 0.853722 0.745828 0.0566685 0.270229 0.805791
29 0.383666 0.542483 0.0328286 0.018683 0.778493
0 0.447313 0.718364 0.0907434 0.333555 0.762572
0 0.386812 0.714636 0.0837191 0.322569 0.754355
0 0.549494 0.758297 0.0484636 0.217381 0.752786
0 0.341476 0.708081 0.0725448 0.290339 0.733972
2 0.905857 0.777828 0.0713326 0.0499313 0.716146
2 0.802617 0.778664 0.0714537 0.0552989 0.603851
0 0.302465 0.752591 0.0428178 0.106862 0.41877
2 0.979476 0.78698 0.0401817 0.0371231 0.401368
0 0.311767 0.779286 0.0321564 0.163535 0.355729
0 0.305996 0.763336 0.0371575 0.133842 0.279326
