3 0.321939 0.603115 0.422919 0.409726 0.86308
0 0.593235 0.517359 0.0886267 0.384781 0.856087
0 0.780894 0.440816 0.100127 0.252405 0.832477
0 0.389792 0.461528 0.0689033 0.231893 0.832371
2 0.906486 0.389626 0.0663109 0.0723863 0.808144
0 0.65575 0.45683 0.0737012 0.299971 0.788727
0 0.331901 0.38789 0.0663512 0.161988 0.742384
2 0.790521 0.413911 0.15666 0.173622 0.739856
7 0.45032 0.358571 0.124471 0.108526 0.72717
2 0.522505 0.418836 0.112739 0.129836 0.725785
2 0.507857 0.377372 0.0673414 0.0621784 0.610424
24 0.443673 0.526739 0.0702923 0.0959585 0.526879
2 0.883968 0.372951 0.0663532 0.073997 0.495807
2 0.697303 0.3819 0.0577559 0.0778262 0.477149
7 0.196463 0.339789 0.386857 0.256291 0.463488
2 0.5467 0.415581 0.159277 0.137049 0.39752
2 0.882691 0.361298 0.0678362 0.0533604 0.395402
2 0.742659 0.410837 0.0551191 0.151143 0.35396
39 0.899385 0.621697 0.0164135 0.0619277 0.347296
