0 0.103271 0.650735 0.0555008 0.241924 0.834772
0 0.87281 0.629385 0.0680477 0.282042 0.809964
0 0.824591 0.619969 0.0639988 0.26632 0.795219
5 0.538515 0.530717 0.30761 0.548128 0.77588
2 0.384295 0.598835 0.0230809 0.0583466 0.686948
0 0.697277 0.617255 0.0297144 0.169939 0.555305
0 0.515268 0.461589 0.0482977 0.105023 0.548281
0 0.341031 0.583424 0.0110933 0.0426054 0.509042
0 0.016559 0.641899 0.0329898 0.20969 0.494511
2 0.376693 0.594611 0.0267695 0.0533442 0.380263
2 0.0524326 0.600547 0.0480544 0.0759037 0.310162
0 0.0114948 0.665456 0.0229895 0.161681 0.259546
0 0.194474 0.607547 0.0165623 0.0766022 0.256614
0 0.698418 0.586663 0.0290877 0.110019 0.251773
