0 0.391904 0.651125 0.107859 0.230909 0.873023
0 0.49479 0.537797 0.0741463 0.308739 0.807601
0 0.641883 0.537647 0.064816 0.217492 0.794418
0 0.653075 0.771425 0.14904 0.25704 0.76301
0 0.715605 0.716846 0.0788883 0.190469 0.754344
39 0.649948 0.892517 0.0233645 0.101483 0.751128
0 0.400532 0.479212 0.0903263 0.17077 0.719247
0 0.307136 0.475366 0.0499033 0.136398 0.663018
0 0.551241 0.490097 0.0411087 0.151699 0.640849
0 0.837202 0.754372 0.202702 0.277396 0.563519
25 0.565159 0.399363 0.0705883 0.0359971 0.555422
1 0.936559 0.534155 0.125631 0.105831 0.547792
0 0.152182 0.520191 0.0612716 0.0872342 0.530012
0 0.600814 0.686056 0.0628046 0.154953 0.529053
25 0.666354 0.372908 0.102723 0.0443427 0.481157
0 0.869611 0.754938 0.139487 0.27467 0.477563
25 0.56623 0.423429 0.0723346 0.0859317 0.47528
0 0.922862 0.474225 0.0338158 0.0682014 0.3941
25 0.170571 0.428771 0.274197 0.245844 0.394062
0 0.790308 0.695327 0.10942 0.193289 0.364545
25 0.168153 0.35894 0.269217 0.0974707 0.295205
45 0.602631 0.904808 0.0565849 0.0459395 0.277964
0 0.774307 0.660267 0.0664604 0.145118 0.253613
