0 0.152041 0.592214 0.210118 0.791616 0.916898
25 0.14298 0.124382 0.28596 0.248764 0.910494
25 0.441922 0.109185 0.284617 0.21837 0.834813
0 0.466017 0.485706 0.148204 0.63141 0.771158
2 0.333392 0.278371 0.261178 0.313918 0.759314
0 0.812318 0.784758 0.374089 0.411414 0.479202
47 0.742055 0.702017 0.227997 0.308664 0.427535
0 0.91525 0.496591 0.168096 0.585853 0.42569
26 0.40256 0.399141 0.0655251 0.194537 0.417705
0 0.812152 0.588567 0.37413 0.806373 0.351436
0 0.758524 0.875281 0.271749 0.232484 0.348359
2 0.571757 0.20256 0.0764518 0.147927 0.331827
0 0.811425 0.855315 0.373946 0.273594 0.31222
