0 0.478538 0.294988 0.605047 0.589975 0.93993
53 0.497139 0.77068 0.993676 0.45726 0.925052
0 0.865795 0.404124 0.266866 0.539646 0.700156
56 0.848576 0.195566 0.188621 0.290411 0.675462
56 0.754315 0.135283 0.120481 0.270566 0.489678
41 0.777642 0.598912 0.152798 0.0952609 0.482438
60 0.499925 0.767593 0.997289 0.461214 0.473682
56 0.663124 0.0674674 0.0977453 0.134776 0.443455
56 0.125391 0.471891 0.250316 0.321178 0.386244
60 0.187513 0.0464811 0.373634 0.0929622 0.375264
60 0.5 0.666266 1 0.663702 0.298903
43 0.534372 0.532152 0.0509036 0.0368566 0.280342
41 0.143238 0.586674 0.12882 0.067353 0.278299
60 0.877701 0.0487694 0.240784 0.0975388 0.26159
