5 0.833561 0.573664 0.332449 0.46842 0.927864
0 0.938178 0.753467 0.0769003 0.311605 0.865465
0 0.865301 0.729629 0.0631279 0.278957 0.864571
0 0.736057 0.705217 0.0451863 0.217059 0.826802
0 0.514555 0.688743 0.0330505 0.138895 0.75299
2 0.646913 0.659544 0.0586635 0.0531782 0.703629
2 0.605251 0.656264 0.042067 0.0455005 0.610206
2 0.486887 0.654766 0.0353905 0.069584 0.50168
2 0.540177 0.64564 0.0330851 0.0447417 0.501098
2 0.576301 0.65447 0.0270988 0.0416167 0.471635
0 0.445108 0.657542 0.0169477 0.0699251 0.387584
26 0.902948 0.745709 0.0257729 0.0717238 0.357006
2 0.53895 0.65675 0.0291733 0.0646598 0.337162
