0 0.454937 0.800878 0.128051 0.386732 0.883206
0 0.880809 0.752735 0.0534035 0.293603 0.771835
0 0.602569 0.774148 0.066151 0.207457 0.701836
0 0.330203 0.676899 0.0400601 0.225532 0.681896
0 0.739722 0.622073 0.03195 0.184922 0.592055
30 0.869372 0.894864 0.117628 0.0631922 0.587899
0 0.270696 0.579231 0.0166439 0.115454 0.587403
0 0.992228 0.878503 0.0148333 0.242995 0.52157
0 0.983872 0.695025 0.031559 0.125615 0.503151
0 0.655812 0.611621 0.0175192 0.109776 0.46582
0 0.692845 0.615459 0.0277878 0.154219 0.460878
0 0.838637 0.560832 0.015221 0.0870459 0.407911
0 0.797196 0.613684 0.0240808 0.164458 0.366863
30 0.85782 0.905413 0.0929174 0.0541017 0.347305
0 0.371174 0.660839 0.0198716 0.0791731 0.329892
0 0.773071 0.590019 0.0202587 0.114182 0.308897
30 0.609148 0.872265 0.114162 0.0352391 0.305535
30 0.622842 0.874882 0.0864781 0.0340579 0.293912
0 0.306547 0.571733 0.0167647 0.0604348 0.28374
30 0.975011 0.74224 0.0485718 0.0567617 0.252576
