62 0.445767 0.494349 0.376524 0.32686 0.845916
75 0.208608 0.64899 0.0551405 0.100579 0.662036
75 0.627223 0.65919 0.0540678 0.10321 0.507721
75 0.685658 0.661187 0.0502069 0.104461 0.493456
45 0.0428375 0.875841 0.0613456 0.048303 0.492577
56 0.970867 0.837599 0.0574043 0.319768 0.450574
0 0.343827 0.50995 0.0986057 0.163122 0.448405
0 0.430269 0.487682 0.125386 0.20693 0.440278
75 0.95398 0.508572 0.090176 0.214872 0.417092
75 0.74658 0.85275 0.0409767 0.0863411 0.321377
41 0.848028 0.860366 0.0443178 0.0794352 0.318648
75 0.918291 0.595451 0.0490292 0.0863847 0.293392
