19 0.58223 0.584942 0.531491 0.589089 0.943739
0 0.0682676 0.480457 0.091558 0.325006 0.879133
0 0.176998 0.46176 0.0861723 0.333571 0.853389
0 0.982134 0.46412 0.0349716 0.217035 0.692344
0 0.318159 0.384277 0.0268508 0.136695 0.661781
0 0.339158 0.340639 0.0224939 0.0519809 0.647658
0 0.894245 0.401529 0.0192657 0.0862827 0.608485
0 0.128724 0.463554 0.0363203 0.236132 0.56925
0 0.252956 0.382084 0.0304141 0.119933 0.568099
0 0.360213 0.338205 0.0255063 0.0373044 0.556101
0 0.279932 0.388989 0.0357881 0.131723 0.555984
2 0.228026 0.431208 0.0650574 0.117698 0.529034
0 0.274051 0.389018 0.0267781 0.130707 0.482366
0 0.390892 0.335603 0.0239699 0.0313897 0.464215
0 0.249909 0.372517 0.0255268 0.0997644 0.460373
0 0.286755 0.388638 0.0243842 0.132965 0.458779
7 0.0754518 0.390011 0.150904 0.319901 0.427854
0 0.290427 0.386432 0.0175151 0.125282 0.311181
7 0.130406 0.382174 0.259696 0.309323 0.295429
