2 0.598377 0.711895 0.390107 0.4757 0.941486
9 0.292664 0.117879 0.0368528 0.111263 0.879799
9 0.89274 0.220266 0.0699069 0.17574 0.856414
2 0.956028 0.54547 0.0870777 0.0931321 0.785643
10 0.952457 0.708695 0.0420422 0.117527 0.740253
2 0.363389 0.59268 0.0504513 0.0493052 0.689254
9 0.645784 0.367508 0.0292488 0.0804756 0.682383
2 0.0286761 0.775562 0.0569457 0.21633 0.629945
7 0.150229 0.597827 0.299885 0.392036 0.581143
0 0.822938 0.596835 0.0262068 0.109161 0.558182
0 0.787984 0.597495 0.0287921 0.113541 0.542134
2 0.150069 0.597829 0.299369 0.389032 0.513636
9 0.826967 0.479087 0.0379368 0.0616569 0.373723
2 0.0146051 0.474634 0.0290852 0.0891422 0.307068
9 0.858785 0.41649 0.0182178 0.0586963 0.277267
