60 0.500277 0.527087 0.998147 0.93251 0.673855
45 0.176236 0.689129 0.313704 0.232862 0.657174
43 0.2043 0.552335 0.0499916 0.183862 0.579677
45 0.308711 0.270048 0.100317 0.0702035 0.5726
53 0.0786379 0.523046 0.156667 0.224854 0.566776
39 0.384218 0.517375 0.0896119 0.164491 0.56243
0 0.339452 0.127665 0.548274 0.254448 0.536555
0 0.735801 0.12305 0.525217 0.243668 0.515049
45 0.652261 0.218145 0.185147 0.0846762 0.512886
48 0.68272 0.574653 0.185701 0.215586 0.499429
45 0.610376 0.286294 0.239409 0.128086 0.428847
42 0.954349 0.296195 0.0903734 0.100959 0.417773
42 0.975452 0.558785 0.048138 0.0723194 0.370167
56 0.334594 0.141333 0.558076 0.280952 0.340496
44 0.572529 0.162221 0.0489604 0.160551 0.277607
55 0.899578 0.335089 0.197883 0.161744 0.267871
