7 0.775965 0.499057 0.393071 0.278658 0.872959
0 0.143713 0.576984 0.0918616 0.42085 0.834189
0 0.400022 0.557441 0.101961 0.324828 0.829122
0 0.0749785 0.553556 0.0860391 0.372333 0.828115
0 0.324789 0.536934 0.080292 0.319013 0.806085
0 0.477761 0.484752 0.0443871 0.154885 0.785975
0 0.207383 0.472618 0.0320061 0.119281 0.713161
4 0.401292 0.397428 0.419738 0.217034 0.583829
0 0.438732 0.506522 0.0358562 0.174214 0.560656
4 0.497077 0.367708 0.2222 0.157958 0.439299
4 0.0900348 0.317868 0.178788 0.0688777 0.304682
