0 0.465858 0.366885 0.31964 0.454904 0.929335
43 0.0923567 0.886094 0.183253 0.174203 0.867956
39 0.155642 0.390562 0.0578234 0.218719 0.863547
53 0.642783 0.765522 0.441332 0.281041 0.85926
53 0.25424 0.831297 0.189094 0.137266 0.786232
53 0.187579 0.565375 0.248509 0.138833 0.775559
0 0.752981 0.394902 0.344839 0.715391 0.763719
41 0.478281 0.584122 0.056732 0.155631 0.749592
42 0.228685 0.900072 0.251675 0.194193 0.737029
0 0.0922109 0.354999 0.183967 0.707047 0.711002
41 0.351138 0.619444 0.089598 0.282878 0.696193
43 0.226102 0.904458 0.249073 0.19032 0.645871
60 0.486469 0.743959 0.97118 0.484454 0.547674
41 0.374189 0.618467 0.134852 0.283339 0.49744
53 0.588753 0.635191 0.122238 0.0793572 0.476977
39 0.226923 0.468033 0.0546338 0.106107 0.46103
56 0.926462 0.56393 0.031649 0.143145 0.436076
0 0.908418 0.390181 0.182474 0.278878 0.43368
60 0.959644 0.599903 0.0796993 0.154089 0.390685
60 0.687674 0.795265 0.586568 0.383655 0.376364
0 0.879718 0.382866 0.124425 0.26324 0.370924
