3 0.540359 0.618589 0.519647 0.587486 0.927017
0 0.581919 0.452975 0.304009 0.638587 0.877581
0 0.945092 0.413015 0.0729 0.146928 0.773416
0 0.0423101 0.493905 0.0640756 0.404723 0.73624
0 0.319924 0.420337 0.051393 0.0878527 0.681536
0 0.842041 0.391611 0.0802425 0.153047 0.666165
0 0.678912 0.372837 0.0469959 0.110292 0.633818
0 0.0947426 0.514523 0.0592504 0.322564 0.623715
0 0.139407 0.395792 0.0768302 0.222393 0.61586
0 0.248702 0.422502 0.0561197 0.079957 0.611068
0 0.802093 0.384229 0.0546541 0.149297 0.606993
0 0.980723 0.413193 0.0378248 0.151417 0.569173
0 0.185895 0.429478 0.0350314 0.0802223 0.552569
0 0.748534 0.391968 0.0561878 0.126977 0.479681
0 0.216057 0.435717 0.0332443 0.0506559 0.459361
0 0.813033 0.384331 0.0774368 0.147351 0.456477
0 0.628786 0.329888 0.0363798 0.0827355 0.361571
0 0.732022 0.391877 0.0907516 0.127552 0.353686
