6 0.488116 0.463564 0.283528 0.712545 0.89545
6 0.784094 0.494205 0.430421 0.988409 0.834728
0 0.0673768 0.787704 0.0793324 0.331093 0.78293
0 0.422725 0.196808 0.0264427 0.0858085 0.694976
0 0.989488 0.29171 0.0204243 0.145639 0.636766
0 0.341242 0.386472 0.0391712 0.167462 0.58036
0 0.177151 0.657542 0.0546192 0.268938 0.574652
0 0.274408 0.393072 0.0373508 0.148618 0.562393
6 0.0580888 0.178224 0.115389 0.154146 0.547216
0 0.461573 0.458243 0.0279974 0.0672443 0.535129
0 0.466797 0.0868069 0.0191835 0.107062 0.51205
0 0.367992 0.214437 0.0223642 0.112577 0.507187
0 0.48949 0.461119 0.0365591 0.0631067 0.475868
0 0.39119 0.20798 0.0224703 0.109656 0.454265
0 0.053505 0.606166 0.0455439 0.131348 0.451879
0 0.928098 0.260974 0.0274631 0.0738559 0.451015
0 0.560738 0.462605 0.0257545 0.0548967 0.441361
0 0.312814 0.400349 0.0275896 0.135355 0.410032
0 0.187448 0.554198 0.0611466 0.254467 0.408078
0 0.113436 0.608404 0.0825982 0.230298 0.363057
0 0.889929 0.22405 0.0270193 0.0712885 0.349262
0 0.465475 0.102089 0.0174855 0.0744983 0.341954
0 0.0918529 0.630751 0.0779219 0.184058 0.315385
0 0.566183 0.46151 0.0397155 0.0587996 0.275715
0 0.579442 0.455239 0.0402234 0.0648863 0.263692
0 0.497116 0.0540309 0.0134648 0.0582591 0.260633
