11 0.265212 0.318813 0.105371 0.203732 0.912233
0 0.687468 0.582211 0.0575117 0.228894 0.5187
2 0.358724 0.581583 0.0425879 0.0574137 0.456036
2 0.301304 0.59517 0.0511151 0.0561132 0.402089
2 0.173264 0.605995 0.0902724 0.072287 0.400937
2 0.556097 0.603276 0.0606228 0.0709509 0.393965
2 0.492972 0.616529 0.109613 0.101528 0.376228
2 0.102971 0.610124 0.100394 0.0746423 0.340942
2 0.61195 0.594427 0.0615345 0.0505058 0.261752
2 0.642972 0.577928 0.0364197 0.0442678 0.261297
7 0.376356 0.581445 0.0758993 0.0589245 0.25822
