7 0.711404 0.423865 0.274446 0.528044 0.940859
0 0.0961181 0.564946 0.06682 0.287655 0.883356
2 0.898456 0.596114 0.201987 0.322059 0.880965
5 0.401645 0.458935 0.188829 0.355865 0.866332
0 0.492844 0.528012 0.0442062 0.22919 0.797238
0 0.244075 0.587632 0.0794052 0.291805 0.760136
0 0.292105 0.587547 0.074303 0.28733 0.648472
0 0.538299 0.511181 0.0482912 0.150971 0.565307
0 0.14161 0.543601 0.028685 0.10645 0.476171
0 0.162886 0.550499 0.025562 0.0926733 0.459013
0 0.0114735 0.53147 0.0228169 0.180105 0.402805
0 0.211084 0.537723 0.027458 0.105542 0.394208
1 0.544827 0.559473 0.0665253 0.0932283 0.260433
