2 0.137 0.85147 0.237054 0.25235 0.928487
2 0.250849 0.828646 0.0930509 0.20633 0.843948
2 0.412119 0.745249 0.076641 0.0897757 0.827503
2 0.332381 0.795955 0.0588337 0.173279 0.701473
2 0.280953 0.800937 0.125613 0.187807 0.701165
2 0.450339 0.733987 0.0380804 0.0673835 0.630075
2 0.83218 0.74676 0.0727718 0.0599028 0.599218
9 0.958968 0.5838 0.0252112 0.0743065 0.479143
2 0.3337 0.770752 0.0571478 0.12374 0.369635
9 0.671373 0.545614 0.0149626 0.0348825 0.362132
2 0.714573 0.7301 0.0446394 0.0514876 0.255355
