0 0.381653 0.675961 0.056816 0.274908 0.865316
0 0.564819 0.682456 0.0720017 0.247492 0.862002
0 0.917409 0.797777 0.0957165 0.395742 0.855117
0 0.450102 0.702599 0.0740801 0.320911 0.83412
0 0.289515 0.683753 0.076502 0.307596 0.792225
6 0.264194 0.496362 0.523367 0.564556 0.781715
0 0.515862 0.673822 0.0603752 0.224075 0.699762
0 0.844319 0.751213 0.0821335 0.372049 0.606985
0 0.722697 0.695013 0.0609448 0.274806 0.597611
0 0.604242 0.681341 0.0542721 0.241998 0.489962
0 0.800525 0.675828 0.0580553 0.243374 0.425637
0 0.76403 0.669491 0.0493938 0.254595 0.373143
9 0.82867 0.197286 0.0783783 0.247055 0.357089
0 0.52072 0.679268 0.0386892 0.214922 0.307469
26 0.310301 0.611258 0.0276509 0.0818676 0.29952
0 0.595292 0.681395 0.0383993 0.237681 0.282438
