2 0.566591 0.710005 0.131495 0.067737 0.862998
2 0.308297 0.693496 0.109657 0.0602943 0.818605
2 0.63006 0.701143 0.0724054 0.0551054 0.695609
2 0.103802 0.702561 0.06336 0.0535406 0.688864
2 0.0448 0.708674 0.0786318 0.056941 0.646114
9 0.639918 0.553997 0.0225407 0.0296259 0.626198
2 0.382836 0.671857 0.0558828 0.0291771 0.58333
2 0.185439 0.691182 0.117336 0.0585705 0.539164
5 0.635918 0.664043 0.136538 0.0963913 0.518774
2 0.672212 0.697049 0.0546506 0.0488947 0.516189
2 0.482626 0.665114 0.0424691 0.0218343 0.480603
0 0.953655 0.830231 0.0926891 0.338946 0.461325
2 0.555587 0.653381 0.0277914 0.0180185 0.423466
9 0.393695 0.570726 0.0232737 0.0254568 0.38458
2 0.443796 0.66986 0.0470488 0.0264702 0.364451
2 0.435403 0.670614 0.0405312 0.026707 0.349619
2 0.512796 0.662307 0.0341346 0.0211676 0.341444
2 0.422449 0.671386 0.0366702 0.0275856 0.323534
2 0.0242556 0.70867 0.0446512 0.0602777 0.285238
