56 0.600244 0.652354 0.0914127 0.11526 0.769775
25 0.199236 0.521295 0.393176 0.336806 0.681809
25 0.0215644 0.392267 0.0430082 0.047729 0.629025
0 0.597364 0.549852 0.0493673 0.0713257 0.605801
56 0.0800594 0.57389 0.0726578 0.109442 0.530558
56 0.517895 0.660397 0.085972 0.1141 0.518648
0 0.543844 0.513637 0.0342401 0.0844495 0.516286
25 0.470065 0.482869 0.19445 0.157848 0.458593
56 0.449518 0.623844 0.0741442 0.129786 0.441322
0 0.207992 0.764669 0.122758 0.161266 0.436653
0 0.860681 0.680636 0.131796 0.095754 0.434252
25 0.822211 0.415615 0.353516 0.206733 0.422405
0 0.960448 0.581726 0.0252047 0.0463367 0.421453
56 0.133456 0.581232 0.0646185 0.105915 0.416219
25 0.633826 0.45148 0.108277 0.0697214 0.41407
25 0.470624 0.439516 0.192609 0.0714242 0.409577
56 0.386941 0.617761 0.114955 0.135315 0.393726
56 0.580935 0.653322 0.0517147 0.116455 0.37878
56 0.510533 0.583295 0.060036 0.0432925 0.361768
0 0.359989 0.512927 0.0296069 0.0656419 0.360654
56 0.311855 0.600864 0.0726594 0.115813 0.360127
0 0.507921 0.522671 0.0272623 0.0805803 0.354373
56 0.788657 0.546332 0.0394813 0.0547198 0.325856
0 0.673953 0.551101 0.0277892 0.0476451 0.305108
0 0.543713 0.500866 0.0339453 0.0591599 0.295202
0 0.440167 0.520033 0.0411339 0.0783719 0.285058
25 0.199502 0.427578 0.399004 0.150558 0.281188
56 0.354525 0.844421 0.55663 0.310011 0.280774
0 0.395585 0.513568 0.0213748 0.0714862 0.280086
56 0.69682 0.685276 0.068746 0.119802 0.265996
0 0.17549 0.728568 0.0571387 0.0908394 0.263945
56 0.382298 0.861293 0.100323 0.10905 0.250952
56 0.830766 0.67448 0.220692 0.205886 0.25002
