0 0.80523 0.620418 0.099828 0.267135 0.912844
0 0.0505198 0.636736 0.0849266 0.172867 0.877005
0 0.161574 0.340061 0.0491098 0.156569 0.833396
0 0.296537 0.257091 0.0326887 0.124388 0.762363
0 0.17073 0.600508 0.0513977 0.180207 0.741267
38 0.187205 0.317393 0.0257449 0.0223141 0.653675
0 0.732136 0.324015 0.0324943 0.109015 0.437087
32 0.613562 0.472302 0.0118681 0.0115211 0.425124
0 0.772061 0.251776 0.0354591 0.0742247 0.357306
56 0.834059 0.288877 0.028701 0.0361883 0.327273
0 0.905497 0.313322 0.037714 0.0601992 0.289854
0 0.637986 0.200086 0.0242142 0.0780056 0.273457
