0 0.70127 0.527104 0.290091 0.712336 0.898339
14 0.448247 0.669918 0.0673696 0.108443 0.841154
14 0.347175 0.640325 0.065717 0.102188 0.830656
14 0.169186 0.656667 0.0756478 0.0942663 0.793462
14 0.529658 0.713895 0.0545538 0.118502 0.743694
14 0.284431 0.682468 0.0656021 0.114692 0.668188
26 0.817569 0.566061 0.160448 0.148387 0.665108
14 0.539315 0.798773 0.0608615 0.102027 0.645484
14 0.254028 0.650855 0.0869843 0.112414 0.603885
4 0.629334 0.217348 0.718417 0.429172 0.575562
14 0.55586 0.566997 0.0464851 0.0561223 0.518567
14 0.286296 0.511538 0.070379 0.129094 0.454565
14 0.482591 0.608041 0.0485996 0.102876 0.395125
13 0.848353 0.711339 0.301763 0.543922 0.358956
14 0.481776 0.583663 0.0514321 0.148285 0.313835
