0 0.232661 0.404477 0.128044 0.243887 0.832753
56 0.629149 0.562783 0.070653 0.0863166 0.688517
56 0.448638 0.579402 0.142719 0.147414 0.674253
63 0.32929 0.48293 0.0819851 0.118194 0.614251
39 0.979304 0.560963 0.0405512 0.153675 0.568435
56 0.236025 0.743766 0.275805 0.482349 0.538386
60 0.632855 0.72825 0.73429 0.253827 0.466531
39 0.874623 0.52641 0.0829676 0.264024 0.435182
60 0.631807 0.792279 0.736386 0.372558 0.374397
56 0.0280174 0.71214 0.0558415 0.445774 0.307431
60 0.629632 0.686884 0.735128 0.17146 0.301164
56 0.0542619 0.719895 0.108296 0.461832 0.298133
56 0.341339 0.585791 0.0713938 0.155591 0.270995
56 0.202516 0.708416 0.20291 0.398758 0.259503
