39 0.429177 0.168517 0.0868552 0.337033 0.926737
39 0.64578 0.183514 0.103613 0.3654 0.893628
40 0.739633 0.388804 0.132489 0.296029 0.879581
45 0.277433 0.43262 0.306313 0.343628 0.859438
40 0.561824 0.350184 0.104314 0.259245 0.831157
60 0.499322 0.491503 0.991258 0.977909 0.762295
43 0.466739 0.645137 0.207905 0.185867 0.75084
53 0.569804 0.673614 0.343324 0.362649 0.539394
43 0.245024 0.664265 0.281092 0.0677319 0.43603
44 0.310243 0.476204 0.0631148 0.271439 0.273844
41 0.561696 0.44304 0.0993968 0.0783007 0.254083
