0 0.69288 0.597545 0.250546 0.801755 0.862441
0 0.428878 0.764463 0.225541 0.46941 0.842074
0 0.21009 0.734183 0.17568 0.53121 0.8356
0 0.509134 0.199739 0.0913485 0.170681 0.815071
0 0.736347 0.216125 0.113419 0.237028 0.753869
0 0.583596 0.219322 0.0966871 0.211926 0.741803
0 0.194672 0.456204 0.252671 0.557915 0.737925
0 0.424549 0.421903 0.19295 0.476264 0.594981
0 0.942316 0.643224 0.114336 0.691299 0.545456
0 0.703793 0.128841 0.0662685 0.144247 0.530662
0 0.85363 0.183886 0.058522 0.141089 0.497934
0 0.908006 0.414929 0.169695 0.604185 0.463107
0 0.329092 0.251715 0.120994 0.376192 0.440485
0 0.0882011 0.243083 0.136299 0.343405 0.401945
0 0.537228 0.15739 0.0420388 0.0917255 0.354082
32 0.540183 0.38014 0.129478 0.209511 0.327952
0 0.329241 0.337497 0.121359 0.545223 0.326183
0 0.362325 0.404064 0.139562 0.469933 0.289881
0 0.406621 0.262755 0.107268 0.264266 0.281174
0 0.0664777 0.229974 0.0926101 0.315548 0.266303
67 0.904388 0.348489 0.0242397 0.0613454 0.254937
