40 0.0691826 0.287825 0.137727 0.480409 0.888541
53 0.540427 0.572807 0.770874 0.559599 0.769857
39 0.152039 0.190369 0.155955 0.380737 0.729627
40 0.328629 0.0962932 0.0904012 0.191756 0.68993
60 0.494479 0.498449 0.985385 0.987415 0.685462
39 0.118129 0.194741 0.225318 0.389168 0.560854
0 0.928799 0.338228 0.141483 0.302766 0.538122
40 0.365255 0.0822309 0.0565915 0.164462 0.468182
42 0.426812 0.185969 0.0959331 0.0657934 0.397114
0 0.879996 0.106348 0.238718 0.199715 0.320355
45 0.0149751 0.496084 0.0297655 0.109924 0.301771
40 0.0505723 0.305562 0.10097 0.455356 0.261719
