25 0.748318 0.385435 0.13518 0.11536 0.885242
0 0.73357 0.600468 0.0831463 0.423635 0.866717
0 0.614303 0.639354 0.103545 0.404175 0.860334
25 0.588782 0.425042 0.150942 0.105354 0.775225
26 0.569814 0.548942 0.0343249 0.126492 0.690428
2 0.0579646 0.3745 0.0531855 0.0390139 0.661852
0 0.215773 0.373585 0.0209672 0.0651726 0.480005
2 0.501381 0.389171 0.0342321 0.0430418 0.413143
0 0.207931 0.375004 0.014668 0.061899 0.405361
0 0.212163 0.373054 0.0193709 0.0643717 0.362756
0 0.435356 0.403022 0.0171337 0.063074 0.32758
9 0.636426 0.285212 0.0134911 0.0359888 0.29773
0 0.461094 0.404898 0.0273975 0.0657996 0.288808
1 0.214025 0.375493 0.027721 0.0667212 0.269845
26 0.726525 0.564645 0.0768187 0.23452 0.268382
2 0.0270845 0.358799 0.0337875 0.0307601 0.251772
