0 0.69117 0.487978 0.177905 0.652827 0.89026
44 0.849044 0.199999 0.0338158 0.193187 0.800597
45 0.102392 0.853636 0.107065 0.0985085 0.800592
45 0.150548 0.720329 0.11912 0.0993358 0.751051
45 0.263001 0.413093 0.0445909 0.0348046 0.656429
45 0.0669459 0.788909 0.13372 0.155587 0.583346
69 0.152138 0.575728 0.302513 0.244236 0.582734
0 0.0470127 0.667257 0.093646 0.107892 0.442381
58 0.0482596 0.178028 0.0960909 0.343406 0.416249
41 0.257534 0.283059 0.0273264 0.0423638 0.408388
44 0.872586 0.187641 0.0250912 0.142797 0.404492
69 0.863886 0.64433 0.20134 0.334208 0.395924
44 0.807392 0.156707 0.0162186 0.115951 0.395221
45 0.426609 0.643081 0.0616002 0.041999 0.36211
60 0.268942 0.770494 0.531498 0.435398 0.327674
41 0.247628 0.666993 0.0445147 0.0811509 0.31148
44 0.82856 0.183161 0.0200706 0.159469 0.288607
72 0.977511 0.415622 0.0438827 0.823103 0.280191
