0 0.178669 0.49839 0.353605 0.978764 0.955483
0 0.518288 0.549664 0.230252 0.606333 0.933311
32 0.651599 0.184643 0.0255286 0.0416487 0.823237
0 0.902722 0.429335 0.085932 0.233121 0.780634
0 0.840651 0.431541 0.12462 0.247787 0.733229
0 0.65445 0.444517 0.0976171 0.300313 0.73003
0 0.568896 0.4135 0.0814835 0.257159 0.712479
0 0.738992 0.436627 0.110328 0.289456 0.672887
34 0.400889 0.413273 0.135666 0.0770597 0.617302
0 0.748139 0.345346 0.0458332 0.190554 0.431019
0 0.947025 0.349408 0.0550266 0.134532 0.427425
0 0.747337 0.31797 0.0425177 0.12973 0.41625
0 0.947333 0.376139 0.0549885 0.190538 0.321211
32 0.203413 0.202856 0.0259925 0.0453908 0.265906
