25 0.768254 0.769416 0.174852 0.197619 0.887759
0 0.391174 0.747953 0.10391 0.283784 0.875423
25 0.30219 0.168486 0.0809842 0.09669 0.866795
25 0.686382 0.538412 0.138145 0.14665 0.864653
25 0.221313 0.646615 0.110979 0.140285 0.83137
25 0.364596 0.576008 0.105938 0.139384 0.825393
25 0.456039 0.251067 0.106448 0.131857 0.80968
25 0.386178 0.248464 0.0989542 0.117455 0.794686
25 0.94138 0.164053 0.11638 0.145245 0.791161
25 0.505575 0.135328 0.0815731 0.117045 0.784893
25 0.676153 0.0733849 0.0969994 0.0910136 0.742634
0 0.0394791 0.716164 0.0789581 0.299643 0.738554
0 0.582165 0.256997 0.107705 0.270486 0.733586
0 0.264394 0.808121 0.118137 0.26159 0.723303
25 0.358984 0.0863695 0.0690339 0.105585 0.668913
25 0.135028 0.551504 0.108603 0.128296 0.658961
0 0.268941 0.442948 0.0907128 0.27024 0.656149
0 0.162566 0.674478 0.0875892 0.292671 0.652188
0 0.814811 0.184652 0.103244 0.31103 0.648783
0 0.783558 0.915926 0.106568 0.168148 0.635573
25 0.120374 0.291321 0.0718157 0.109871 0.591016
25 0.173981 0.0977597 0.0815826 0.104177 0.587031
0 0.0515765 0.509155 0.0774594 0.223771 0.564923
25 0.129726 0.439535 0.0963604 0.114272 0.560152
0 0.718613 0.21474 0.0676746 0.235681 0.55514
0 0.675644 0.728272 0.1066 0.266006 0.554783
25 0.638663 0.463206 0.11009 0.175457 0.553076
25 0.0689932 0.296038 0.065678 0.0959968 0.544781
0 0.774478 0.28344 0.0829226 0.263697 0.511189
25 0.355589 0.450517 0.0669828 0.171294 0.418513
25 0.500299 0.496883 0.167866 0.299446 0.412837
26 0.234777 0.758325 0.0538876 0.110313 0.391405
0 0.425021 0.11104 0.0879008 0.200191 0.360982
0 0.391185 0.385507 0.0543262 0.230148 0.319892
0 0.977298 0.47311 0.0446304 0.277555 0.315592
0 0.213661 0.3784 0.0563891 0.225052 0.297816
25 0.304137 0.0293047 0.0703898 0.0586094 0.29723
0 0.963518 0.273147 0.0675436 0.170841 0.272687
26 0.650623 0.682207 0.048003 0.0751537 0.271093
25 0.983912 0.206462 0.0314445 0.0921633 0.268102
