2 0.422815 0.540514 0.068356 0.0627221 0.896426
2 0.736205 0.565479 0.10549 0.0915642 0.8725
2 0.955154 0.581469 0.0889641 0.154744 0.85541
74 0.501482 0.219057 0.0565542 0.0755335 0.850505
2 0.853644 0.563195 0.136736 0.137125 0.798744
9 0.0416793 0.277757 0.0482887 0.14975 0.791222
2 0.652745 0.554705 0.0883382 0.0805303 0.782165
2 0.376402 0.536189 0.0512683 0.0503776 0.778736
2 0.590729 0.534939 0.0565739 0.0481116 0.70839
9 0.189871 0.323265 0.0342087 0.109173 0.64582
9 0.581247 0.284216 0.029621 0.124362 0.6309
2 0.342216 0.524082 0.0411668 0.0512693 0.621644
2 0.281864 0.492502 0.0236676 0.0255716 0.540382
2 0.467465 0.504134 0.037201 0.0432484 0.458156
2 0.544542 0.529947 0.0638142 0.0455682 0.359962
2 0.282551 0.496309 0.0260013 0.0321973 0.272807
2 0.52806 0.526204 0.034441 0.0450083 0.258147
58 0.0401186 0.604744 0.0673395 0.108038 0.254143
