0 0.4986 0.746124 0.318655 0.507607 0.917014
0 0.902688 0.736325 0.158374 0.525959 0.852683
2 0.232664 0.529951 0.0871139 0.0487153 0.576243
2 0.751592 0.685631 0.182944 0.111944 0.555544
13 0.567508 0.845934 0.181261 0.30624 0.537758
2 0.800654 0.688632 0.0847399 0.108491 0.48717
2 0.379473 0.581598 0.0722405 0.0601835 0.425572
26 0.451373 0.751791 0.0647166 0.070513 0.327234
56 0.56661 0.84653 0.184387 0.305579 0.31923
13 0.708236 0.842441 0.583528 0.312976 0.30766
2 0.262083 0.541008 0.0506795 0.058615 0.281473
2 0.684965 0.663536 0.0729002 0.0754409 0.269426
