0 0.257058 0.68902 0.227756 0.42743 0.906007
0 0.533318 0.708616 0.235231 0.427085 0.895675
0 0.756517 0.699482 0.197599 0.39155 0.856809
25 0.815697 0.391104 0.368606 0.169525 0.811425
24 0.773072 0.639253 0.12296 0.139277 0.638681
7 0.896742 0.548335 0.203797 0.110533 0.583349
0 0.634109 0.645088 0.111419 0.275006 0.574727
0 0.133874 0.564151 0.0562914 0.125499 0.557883
0 0.383007 0.568227 0.0770118 0.136406 0.4902
0 0.422198 0.551564 0.0548144 0.11378 0.44689
0 0.0529061 0.550008 0.0407666 0.0842478 0.351356
24 0.514424 0.658602 0.163811 0.18754 0.306656
0 0.188911 0.523865 0.0572949 0.0498762 0.291461
24 0.529034 0.672762 0.13378 0.154498 0.250853
