0 0.390764 0.49168 0.184688 0.543377 0.870605
5 0.160698 0.224827 0.320749 0.224458 0.870448
2 0.0955509 0.277612 0.190073 0.130447 0.862294
3 0.812545 0.663275 0.373375 0.343653 0.859227
0 0.770401 0.366416 0.210547 0.332438 0.834377
0 0.926592 0.511243 0.1459 0.530465 0.820443
0 0.252793 0.41491 0.164929 0.457311 0.81625
3 0.0460611 0.918946 0.091131 0.154568 0.744982
3 0.297762 0.55225 0.539583 0.273243 0.732658
0 0.105752 0.349528 0.107602 0.174214 0.703536
3 0.723388 0.484536 0.327401 0.278627 0.681108
0 0.563897 0.22495 0.0304775 0.0361042 0.618653
7 0.610517 0.299122 0.371474 0.214497 0.607469
0 0.532678 0.21912 0.0283382 0.0456174 0.593089
0 0.105318 0.19187 0.0339567 0.0391567 0.565122
2 0.897377 0.22803 0.0669838 0.0595778 0.47992
0 0.465839 0.220425 0.0360744 0.0448505 0.476537
0 0.249688 0.346438 0.160667 0.313259 0.377731
0 0.165399 0.346715 0.0441767 0.168269 0.284724
