0 0.67825 0.558698 0.226067 0.341354 0.868064
0 0.176995 0.889999 0.353266 0.218601 0.847949
0 0.199819 0.675879 0.370145 0.523471 0.826477
0 0.512491 0.473141 0.114411 0.21919 0.734845
40 0.177424 0.829049 0.0587564 0.136369 0.693586
0 0.847294 0.777852 0.304446 0.44171 0.690218
0 0.748002 0.624928 0.301795 0.381941 0.684483
25 0.597237 0.225576 0.0848885 0.437165 0.636596
0 0.768475 0.778312 0.462824 0.441805 0.61069
0 0.343367 0.52936 0.161953 0.364892 0.590331
0 0.25001 0.653928 0.271555 0.502878 0.552271
56 0.111277 0.755499 0.222554 0.20012 0.510301
39 0.486734 0.566074 0.0253389 0.0861937 0.479069
60 0.475138 0.797453 0.236885 0.401321 0.396661
0 0.918405 0.568828 0.16319 0.289518 0.390752
41 0.520946 0.775445 0.0322098 0.0714684 0.32472
56 0.325692 0.560911 0.188611 0.303352 0.312129
39 0.487353 0.581313 0.0267723 0.121191 0.287662
56 0.269224 0.479396 0.0689322 0.138526 0.27504
0 0.222282 0.531771 0.216417 0.26736 0.271075
