2 0.598426 0.711843 0.391389 0.476682 0.935634
9 0.292637 0.117572 0.037069 0.111533 0.882702
9 0.892901 0.220126 0.0699005 0.175504 0.853435
10 0.952635 0.709188 0.0435146 0.117606 0.814358
2 0.95596 0.544909 0.0872065 0.0921106 0.759691
2 0.362769 0.592978 0.0509347 0.0498133 0.688937
9 0.64597 0.367867 0.0296757 0.0817143 0.685678
2 0.0288394 0.77542 0.0572812 0.217297 0.646224
2 0.150311 0.596811 0.299601 0.388377 0.598803
7 0.150435 0.596376 0.300316 0.391127 0.507442
0 0.822345 0.596945 0.0268478 0.110015 0.494239
9 0.826705 0.478721 0.0377516 0.0608611 0.420487
0 0.784757 0.597979 0.0376998 0.113001 0.371261
2 0.0143047 0.474327 0.028465 0.0890502 0.270834
9 0.858734 0.416394 0.0180443 0.0583588 0.259225
