9 0.77316 0.224381 0.120052 0.310735 0.898066
2 0.149941 0.589392 0.215642 0.0668677 0.826044
2 0.370641 0.585655 0.195922 0.0599506 0.807543
9 0.641694 0.329157 0.0332039 0.0559142 0.741064
2 0.588417 0.569468 0.117105 0.0622702 0.703895
9 0.481628 0.357089 0.0291156 0.0755295 0.560604
2 0.981423 0.562306 0.0319733 0.0239914 0.504583
2 0.806453 0.566837 0.0599422 0.0329914 0.38088
5 0.547268 0.555766 0.172888 0.0796062 0.362448
9 0.456152 0.344639 0.0264259 0.0550731 0.34584
7 0.545392 0.555665 0.172279 0.0775101 0.306442
