0 0.236055 0.404693 0.47065 0.517554 0.887064
0 0.657665 0.358045 0.343414 0.416623 0.883517
0 0.335974 0.369391 0.30371 0.30735 0.836319
55 0.534273 0.81469 0.0734423 0.0565168 0.766168
55 0.827068 0.646569 0.302228 0.132985 0.747456
60 0.611143 0.761844 0.774327 0.475172 0.732272
0 0.957191 0.411655 0.0845163 0.246277 0.731035
0 0.249944 0.827987 0.499887 0.343203 0.380438
0 0.0660796 0.800349 0.130624 0.298047 0.372321
0 0.264803 0.81487 0.383661 0.308398 0.33296
45 0.885431 0.943218 0.229138 0.112812 0.314638
41 0.951124 0.566727 0.095989 0.0970954 0.30319
0 0.284427 0.871605 0.428574 0.256074 0.271614
0 0.166684 0.82678 0.332223 0.344787 0.270416
