0 0.909001 0.130413 0.118569 0.260826 0.845213
2 0.568549 0.0842344 0.286586 0.113852 0.826279
3 0.874085 0.265821 0.249885 0.42614 0.796708
0 0.73674 0.115818 0.0749172 0.162407 0.795177
0 0.208262 0.0893128 0.0460996 0.0883416 0.794782
0 0.368987 0.099351 0.0418852 0.0724504 0.787517
0 0.643819 0.0742601 0.0728548 0.124905 0.691652
0 0.989401 0.106355 0.0204594 0.120738 0.603271
0 0.318534 0.0618162 0.016559 0.0487518 0.370799
16 0.524516 0.486006 0.909113 0.779598 0.320186
0 0.165042 0.0872627 0.035922 0.102026 0.278894
0 0.339799 0.0585775 0.0146391 0.0478699 0.265968
17 0.474011 0.493762 0.80734 0.760318 0.257977
