0 0.0662158 0.575311 0.132432 0.833268 0.894676
3 0.393127 0.646826 0.557838 0.681413 0.787494
0 0.308757 0.547875 0.173615 0.844569 0.666742
0 0.725326 0.380777 0.0701403 0.370774 0.57128
0 0.662891 0.244386 0.0615961 0.13442 0.569862
0 0.973505 0.163106 0.052153 0.209146 0.534555
0 0.207709 0.448127 0.0782902 0.389142 0.530772
3 0.633416 0.482277 0.175264 0.349064 0.516078
0 0.461738 0.356617 0.197655 0.29321 0.500986
0 0.566667 0.245266 0.0535022 0.129195 0.484807
0 0.928273 0.212998 0.0980175 0.144244 0.464443
0 0.197796 0.0980113 0.0440785 0.0914457 0.402264
0 0.496304 0.332958 0.119572 0.180162 0.342908
0 0.627589 0.26245 0.0702557 0.0966473 0.273071
0 0.796468 0.406672 0.118018 0.53031 0.268238
0 0.306382 0.343421 0.168136 0.435183 0.259549
