2 0.467331 0.530913 0.144215 0.0653038 0.895826
0 0.0697003 0.68224 0.139401 0.380179 0.890551
0 0.211084 0.661931 0.150416 0.298964 0.833532
2 0.907078 0.51551 0.185161 0.0626975 0.821873
2 0.626008 0.501169 0.0689228 0.0319412 0.654872
2 0.760403 0.503123 0.102828 0.039674 0.652384
2 0.569811 0.494224 0.076832 0.0403414 0.641563
2 0.411447 0.499884 0.0623733 0.0356127 0.599804
2 0.691329 0.499674 0.0685741 0.0394117 0.557071
0 0.249213 0.628228 0.117686 0.26691 0.462707
2 0.737931 0.501996 0.120951 0.039814 0.259587
