0 0.699114 0.500699 0.542119 0.970058 0.894433
45 0.203229 0.881145 0.0948162 0.116477 0.836657
41 0.396775 0.947156 0.0740076 0.105687 0.810717
13 0.395956 0.443454 0.296576 0.378798 0.792481
41 0.296078 0.944677 0.0743282 0.109117 0.788676
41 0.405134 0.734383 0.0746101 0.0946354 0.788519
39 0.201375 0.610542 0.0573843 0.259432 0.609375
39 0.152966 0.746329 0.0749459 0.196027 0.544771
41 0.359391 0.828051 0.0578391 0.114813 0.483017
39 0.198999 0.557836 0.0545678 0.156526 0.482255
60 0.284055 0.815711 0.536888 0.341373 0.431055
13 0.895397 0.633054 0.208347 0.708833 0.383328
39 0.291581 0.631578 0.0514929 0.177435 0.252638
