0 0.242217 0.710597 0.301852 0.567204 0.876841
0 0.523344 0.358139 0.0930047 0.163019 0.868973
0 0.746088 0.590276 0.262912 0.534892 0.863748
40 0.60401 0.684942 0.0458078 0.145587 0.841284
0 0.41585 0.494168 0.240992 0.394839 0.835604
56 0.0341378 0.610658 0.0681437 0.274932 0.769923
56 0.136875 0.55225 0.128297 0.223659 0.762718
40 0.504313 0.711052 0.0483465 0.150624 0.758018
60 0.595199 0.696081 0.550091 0.575166 0.634371
0 0.0301372 0.394603 0.0600524 0.103682 0.628015
0 0.10614 0.427115 0.123916 0.236457 0.61136
0 0.61631 0.461515 0.0828386 0.203764 0.520799
41 0.497114 0.603409 0.0398457 0.0751373 0.517813
57 0.891095 0.696278 0.21715 0.576491 0.513503
41 0.546834 0.637657 0.0411863 0.0722131 0.51269
0 0.663164 0.465195 0.0908951 0.249611 0.467128
0 0.441613 0.428687 0.0966256 0.239373 0.466807
0 0.178089 0.377961 0.0566968 0.112284 0.370595
0 0.249181 0.39978 0.0870333 0.0993871 0.332747
0 0.463757 0.430993 0.142858 0.250257 0.289299
57 0.814437 0.695539 0.371126 0.578206 0.278073
0 0.640519 0.467408 0.131017 0.231261 0.277567
40 0.580158 0.51469 0.0214345 0.0754116 0.269513
60 0.586659 0.782857 0.563056 0.409404 0.26929
