9 0.430346 0.487458 0.0176558 0.081134 0.823004
2 0.183013 0.849306 0.0532963 0.0495177 0.81644
9 0.700555 0.56916 0.0157627 0.0678772 0.75379
9 0.327811 0.521122 0.0158506 0.0677054 0.733309
9 0.752456 0.587469 0.0176996 0.0700852 0.723963
7 0.753026 0.843226 0.0782083 0.0786727 0.714296
9 0.117191 0.473306 0.0190062 0.0726498 0.704244
9 0.465746 0.503948 0.0221108 0.0756979 0.700357
9 0.804643 0.610629 0.018734 0.060218 0.686843
9 0.0901445 0.473613 0.0258327 0.0789606 0.680801
2 0.24955 0.85184 0.0487267 0.0422801 0.677352
2 0.0928632 0.839453 0.0964533 0.0896954 0.667645
9 0.559428 0.53063 0.0166778 0.0689374 0.664237
9 0.465445 0.525305 0.0216526 0.124484 0.651489
7 0.95207 0.838689 0.095031 0.101423 0.639735
9 0.578242 0.5301 0.019913 0.0729889 0.637217
2 0.282512 0.845839 0.0252519 0.0304278 0.622079
2 0.59784 0.849393 0.0238071 0.0277677 0.590602
7 0.547406 0.841736 0.0425703 0.0542744 0.480252
2 0.841313 0.841833 0.0201452 0.0175684 0.405035
2 0.357189 0.848793 0.0146394 0.0141677 0.299248
2 0.225552 0.852405 0.0248566 0.0305782 0.291692
2 0.386701 0.846635 0.0209047 0.0205887 0.278076
