56 0.671994 0.836332 0.256359 0.320751 0.915063
0 0.218163 0.616555 0.23108 0.558236 0.902257
0 0.457609 0.441747 0.12944 0.222805 0.882547
0 0.295156 0.449208 0.155207 0.281684 0.862243
56 0.871539 0.816466 0.212356 0.360165 0.857845
0 0.626281 0.434379 0.140339 0.213943 0.841991
0 0.85453 0.617219 0.147492 0.417278 0.821282
56 0.14001 0.76766 0.16996 0.453206 0.799579
0 0.893616 0.489242 0.0852665 0.25742 0.733872
0 0.696994 0.638985 0.276762 0.537287 0.709267
41 0.487956 0.565612 0.029158 0.0461511 0.675999
56 0.322263 0.860056 0.242616 0.266764 0.616112
60 0.445287 0.667526 0.335072 0.275856 0.468892
41 0.530857 0.554251 0.0255611 0.0703931 0.381931
56 0.694351 0.451797 0.0221836 0.0762581 0.381809
40 0.366266 0.60019 0.0258678 0.0868819 0.351857
56 0.487609 0.931865 0.120238 0.12912 0.345481
41 0.393917 0.572826 0.0285549 0.0425703 0.333507
56 0.374508 0.86041 0.344162 0.268654 0.324264
41 0.58474 0.586824 0.0214608 0.0423983 0.315803
56 0.4014 0.471124 0.0208851 0.0574216 0.314142
40 0.610944 0.531371 0.0232462 0.0992891 0.307867
