0 0.705679 0.313144 0.0887471 0.276258 0.864218
0 0.931701 0.45453 0.106704 0.391415 0.834545
0 0.131021 0.319097 0.192684 0.492 0.786392
0 0.859692 0.409313 0.0913 0.443345 0.780455
0 0.22202 0.294934 0.0659651 0.338021 0.774971
0 0.448334 0.290369 0.0679983 0.192644 0.760178
0 0.348596 0.309416 0.0808188 0.160269 0.756577
0 0.5004 0.309402 0.062274 0.164544 0.737114
0 0.0389534 0.485913 0.0777458 0.503901 0.726686
0 0.776244 0.330214 0.0934272 0.34467 0.666011
0 0.289627 0.298031 0.0562567 0.197287 0.575401
24 0.70669 0.291169 0.0456361 0.11932 0.491908
47 0.673795 0.886275 0.434263 0.227449 0.446112
47 0.690673 0.720696 0.156139 0.132208 0.421205
47 0.539162 0.722919 0.160536 0.145627 0.391996
0 0.580141 0.244033 0.0356539 0.117405 0.348971
0 0.920574 0.254575 0.0537125 0.146744 0.309198
0 0.315003 0.295846 0.0333099 0.18853 0.294597
5 0.453722 0.169219 0.239702 0.0682387 0.27253
0 0.315782 0.261267 0.0308163 0.118643 0.265101
