0 0.176505 0.59365 0.350692 0.784559 0.926753
0 0.541737 0.677489 0.177313 0.551741 0.861209
0 0.662396 0.701938 0.193461 0.365811 0.850565
0 0.305469 0.630671 0.190499 0.719953 0.835825
0 0.673792 0.450661 0.171549 0.436841 0.784866
39 0.59212 0.317819 0.0320818 0.179816 0.747066
0 0.378706 0.293468 0.0614064 0.285459 0.690605
37 0.455017 0.560278 0.15216 0.823422 0.65468
37 0.813739 0.481079 0.184612 0.63899 0.390078
33 0.455286 0.553793 0.15727 0.826376 0.357658
67 0.14498 0.440365 0.0698877 0.0719935 0.353551
56 0.918498 0.696702 0.0835068 0.0919816 0.26473
