0 0.14151 0.658883 0.259682 0.651521 0.915526
20 0.510075 0.409502 0.158576 0.147997 0.889719
0 0.324541 0.647652 0.201949 0.529108 0.874013
20 0.903456 0.497455 0.14634 0.136569 0.844901
20 0.516093 0.64545 0.295826 0.276839 0.798647
20 0.868641 0.377857 0.0764248 0.114222 0.798494
20 0.163753 0.304434 0.116262 0.0962714 0.760115
20 0.75472 0.540024 0.0891542 0.16237 0.757845
20 0.156203 0.370814 0.121212 0.1181 0.741887
20 0.391233 0.377677 0.0765679 0.125958 0.667794
20 0.805922 0.489803 0.0774275 0.147599 0.590616
20 0.788609 0.377436 0.103939 0.0927676 0.57335
20 0.644545 0.626351 0.187985 0.264472 0.541542
20 0.669308 0.456809 0.204446 0.0958346 0.488491
20 0.687742 0.373529 0.0500392 0.0576652 0.434562
20 0.584268 0.493214 0.0904968 0.0970473 0.427652
20 0.774301 0.408831 0.0832095 0.0665926 0.423947
20 0.440504 0.63199 0.145316 0.280614 0.381828
20 0.443688 0.542439 0.142106 0.0981361 0.283595
20 0.390919 0.403436 0.0762782 0.180361 0.27646
