0 0.372138 0.503672 0.116176 0.694917 0.864776
0 0.473256 0.332825 0.0944296 0.184368 0.790256
0 0.172916 0.544314 0.135418 0.240731 0.777762
58 0.790753 0.363703 0.222687 0.350288 0.685679
57 0.60901 0.648069 0.742863 0.466779 0.670173
73 0.0571808 0.890346 0.108091 0.0674673 0.658534
0 0.807702 0.780209 0.322519 0.426545 0.558175
0 0.0947801 0.568279 0.110671 0.268386 0.518663
0 0.616565 0.781891 0.726226 0.428438 0.379619
57 0.418288 0.622128 0.812993 0.421074 0.344926
0 0.63887 0.883609 0.697123 0.222574 0.336386
65 0.645541 0.900463 0.128485 0.10714 0.325518
58 0.837708 0.359221 0.119369 0.212849 0.289973
65 0.180934 0.812063 0.0549928 0.0374095 0.274983
