41 0.385855 0.857536 0.225286 0.284748 0.972536
0 0.381575 0.411609 0.619911 0.603174 0.905587
60 0.504305 0.837551 0.99139 0.322289 0.873709
39 0.118762 0.856102 0.143409 0.287746 0.866404
56 0.848529 0.612196 0.301485 0.211176 0.83485
0 0.816449 0.431686 0.366054 0.497979 0.75665
41 0.185427 0.826517 0.11043 0.182375 0.653333
2 0.742585 0.329573 0.127459 0.0549072 0.453067
0 0.617172 0.370607 0.111659 0.219752 0.426682
2 0.743011 0.346821 0.129629 0.0896281 0.399122
41 0.147506 0.826221 0.189608 0.185873 0.280093
0 0.550051 0.292321 0.0330808 0.0403488 0.277896
