0 0.190868 0.553326 0.381313 0.837271 0.887392
0 0.451962 0.504908 0.117631 0.181106 0.853092
0 0.650762 0.506467 0.125109 0.21889 0.851244
0 0.89583 0.464368 0.207289 0.403007 0.798019
45 0.699239 0.681223 0.0719017 0.0695912 0.746801
45 0.627112 0.669062 0.0546669 0.0637321 0.735052
41 0.573316 0.679637 0.0602354 0.0978206 0.722308
74 0.293932 0.25968 0.0351686 0.0705351 0.691976
41 0.87 0.532251 0.0438421 0.0552417 0.678922
39 0.685278 0.590342 0.0322124 0.115749 0.651265
39 0.786598 0.66881 0.0569149 0.178963 0.576722
60 0.677069 0.779028 0.644184 0.399876 0.551908
0 0.299562 0.510048 0.124834 0.28541 0.543555
45 0.86405 0.619369 0.101338 0.127261 0.375494
55 0.477859 0.663051 0.0532173 0.0526327 0.346655
41 0.661181 0.625406 0.0222393 0.0471071 0.345624
60 0.655075 0.721766 0.67861 0.291713 0.324856
41 0.484217 0.588118 0.0212965 0.060191 0.270575
0 0.252549 0.502904 0.234341 0.299966 0.266473
45 0.478277 0.66387 0.0540058 0.0520883 0.265936
41 0.403825 0.612673 0.0519104 0.0589755 0.251802
