33 0.592713 0.325974 0.0747181 0.136648 0.751421
33 0.492971 0.256288 0.153867 0.140351 0.68018
0 0.849955 0.825628 0.0527142 0.100893 0.599972
33 0.362096 0.169614 0.0651518 0.0863293 0.535071
33 0.201685 0.367459 0.209374 0.244313 0.53196
33 0.64899 0.347515 0.0798545 0.160791 0.514914
0 0.490001 0.680335 0.029777 0.137163 0.380378
0 0.572443 0.537449 0.022695 0.0716018 0.360641
0 0.65561 0.507064 0.0176989 0.0655917 0.345951
33 0.898998 0.191504 0.106585 0.0970688 0.329713
25 0.980296 0.693762 0.0385719 0.117531 0.328866
33 0.225635 0.175163 0.16411 0.109555 0.308319
33 0.771585 0.312501 0.0681102 0.0674326 0.303899
33 0.407567 0.233007 0.0934155 0.0823716 0.273082
