0 0.846177 0.576207 0.0867046 0.321655 0.892236
0 0.20819 0.659542 0.119914 0.455756 0.859325
0 0.27609 0.622472 0.0906629 0.456347 0.835904
5 0.563945 0.446528 0.420907 0.394272 0.792387
0 0.0938957 0.672027 0.105236 0.496313 0.781403
0 0.160972 0.566052 0.0764828 0.374823 0.720064
0 0.16234 0.347143 0.0811848 0.200447 0.715077
5 0.175389 0.418183 0.349079 0.784832 0.613228
26 0.878696 0.554402 0.042569 0.130323 0.42276
0 0.80797 0.466454 0.0268448 0.0971546 0.401342
26 0.12438 0.764187 0.0674632 0.113961 0.394928
26 0.247524 0.683665 0.0586442 0.136113 0.349422
2 0.767878 0.460164 0.0564437 0.109405 0.318904
0 0.359584 0.501823 0.0157842 0.0816657 0.318136
2 0.341895 0.445908 0.0410933 0.0538884 0.31247
7 0.175257 0.423863 0.349866 0.767964 0.273618
0 0.886694 0.466332 0.0310789 0.0970274 0.259163
