5 0.83383 0.574472 0.33234 0.47402 0.929366
0 0.865327 0.728267 0.062933 0.276416 0.863504
0 0.93808 0.753611 0.077108 0.31222 0.862388
0 0.735974 0.705132 0.0450443 0.2178 0.824954
2 0.647665 0.659646 0.0599066 0.0525961 0.721884
0 0.514521 0.685127 0.0343972 0.139293 0.701828
2 0.605787 0.656435 0.0416607 0.0452416 0.607796
2 0.541091 0.644845 0.0315275 0.0421588 0.533977
2 0.576007 0.654387 0.0282991 0.0414748 0.458293
2 0.486765 0.654757 0.0354347 0.0698737 0.455606
0 0.444926 0.65869 0.0170633 0.0644173 0.398209
26 0.902664 0.745923 0.0265934 0.0720151 0.345884
2 0.5384 0.674088 0.0252693 0.0444329 0.269442
