2 0.916226 0.242512 0.166299 0.0585632 0.808308
0 0.393734 0.244819 0.0163221 0.0536929 0.703071
2 0.484388 0.250189 0.0452219 0.0386471 0.653527
9 0.368809 0.160576 0.0146179 0.0541874 0.603382
9 0.597503 0.0647677 0.0116953 0.0389572 0.576214
9 0.818992 0.13858 0.0126137 0.0397694 0.548373
9 0.795678 0.137016 0.0173248 0.0460173 0.494616
2 0.157296 0.238846 0.155591 0.0736149 0.468181
9 0.120463 0.101287 0.0140822 0.0572834 0.463749
9 0.137588 0.113948 0.0189925 0.0883053 0.447407
9 0.13784 0.0978743 0.0187317 0.0575592 0.392543
9 0.367212 0.161649 0.0216548 0.0548156 0.365014
2 0.893548 0.24145 0.112942 0.0573593 0.275299
9 0.355613 0.17868 0.0138598 0.0195904 0.250826
