2 0.790122 0.731289 0.418999 0.520542 0.952464
2 0.740098 0.444781 0.198765 0.223111 0.935874
5 0.53383 0.271632 0.170145 0.253529 0.907028
0 0.196566 0.512111 0.152372 0.398368 0.85117
2 0.413928 0.320547 0.0766474 0.0990547 0.811602
2 0.0376549 0.474155 0.07503 0.251815 0.802945
2 0.90934 0.404903 0.161684 0.167675 0.776899
2 0.337049 0.324272 0.057039 0.102755 0.76502
3 0.214746 0.613016 0.387766 0.317955 0.764963
2 0.691059 0.313218 0.0931745 0.10524 0.757828
2 0.0788684 0.452198 0.094526 0.213935 0.720842
2 0.272462 0.358678 0.0758666 0.132702 0.689355
2 0.291682 0.328863 0.082628 0.113092 0.689073
2 0.778335 0.295416 0.0819838 0.103102 0.681509
2 0.102859 0.409059 0.124546 0.162975 0.680939
2 0.657136 0.226097 0.0486965 0.0659387 0.67723
2 0.228997 0.360648 0.161149 0.128102 0.64742
2 0.0979559 0.450061 0.128963 0.230379 0.646238
2 0.973652 0.337725 0.0516052 0.0640858 0.519658
2 0.646239 0.165689 0.0369808 0.0456827 0.510777
0 0.973169 0.406306 0.0536627 0.166176 0.509873
2 0.935414 0.316673 0.0672352 0.0448656 0.484766
2 0.62194 0.101962 0.0315634 0.0406577 0.448096
2 0.347975 0.318334 0.0701332 0.107927 0.442455
7 0.715091 0.172055 0.0670187 0.135949 0.388468
7 0.826337 0.253162 0.110045 0.0941671 0.371009
2 0.25592 0.358979 0.110284 0.129884 0.365488
0 0.0973641 0.306458 0.027864 0.0519152 0.337126
2 0.702115 0.26842 0.0806258 0.0653621 0.317501
2 0.874882 0.325001 0.1077 0.120848 0.301077
0 0.0308921 0.314364 0.0221028 0.059863 0.281258
5 0.82799 0.255919 0.110811 0.0983381 0.273464
2 0.411221 0.258761 0.065801 0.0288575 0.262622
2 0.712224 0.0846864 0.033152 0.0417835 0.256271
