0 0.433677 0.575318 0.103268 0.233478 0.88984
0 0.561757 0.622672 0.107146 0.280774 0.884518
2 0.628654 0.544197 0.0980811 0.105644 0.786895
7 0.722591 0.541959 0.110701 0.106528 0.751116
7 0.0940092 0.517424 0.0712932 0.0820419 0.644842
0 0.508082 0.54161 0.0214473 0.0747369 0.63181
7 0.952815 0.563436 0.0932808 0.0908981 0.574327
2 0.820437 0.561158 0.0956388 0.0871012 0.533008
7 0.0113413 0.511302 0.0223933 0.0953095 0.354275
5 0.01122 0.51176 0.0224399 0.0960948 0.307809
0 0.531823 0.527294 0.0234626 0.093232 0.252159
