13 0.476293 0.720012 0.224729 0.190131 0.876309
0 0.731134 0.563904 0.054114 0.204211 0.826653
0 0.927218 0.525182 0.0205738 0.0765208 0.758223
13 0.812367 0.640159 0.106095 0.0878964 0.698327
0 0.946781 0.522394 0.0200779 0.0799428 0.667851
0 0.80891 0.512128 0.018377 0.0776872 0.559031
0 0.947744 0.511812 0.0227459 0.102317 0.542532
13 0.96065 0.59737 0.0652172 0.0713803 0.533757
0 0.841559 0.522074 0.0146439 0.0484469 0.439661
13 0.581532 0.627603 0.110144 0.0541488 0.42122
13 0.811056 0.622156 0.110131 0.121826 0.302151
58 0.390157 0.552517 0.149153 0.181579 0.254022
