5 0.248743 0.592218 0.203127 0.303002 0.905191
5 0.408156 0.415599 0.108135 0.199968 0.884177
2 0.7169 0.706926 0.12228 0.178816 0.869427
2 0.339486 0.779915 0.117025 0.162513 0.825848
2 0.524805 0.668117 0.109207 0.155786 0.803535
2 0.554244 0.794048 0.116173 0.143089 0.797181
2 0.462136 0.566918 0.0869881 0.116616 0.794543
5 0.949017 0.464775 0.101059 0.172869 0.761525
0 0.0146506 0.66545 0.0293012 0.135195 0.717753
5 0.614936 0.366517 0.0941429 0.173403 0.700519
5 0.534455 0.430288 0.106472 0.160158 0.650029
2 0.817634 0.352606 0.0553911 0.0689193 0.617375
2 0.552881 0.518476 0.0764122 0.0965013 0.539611
2 0.535817 0.595743 0.0985064 0.10837 0.510235
2 0.697655 0.572511 0.122235 0.210917 0.471415
0 0.746992 0.41631 0.0294931 0.0928922 0.463276
2 0.942746 0.328701 0.0614786 0.0818051 0.437804
2 0.674216 0.447374 0.0691585 0.0830783 0.435909
0 0.197368 0.602408 0.0547828 0.0837797 0.420157
0 0.844353 0.408766 0.0260271 0.0965992 0.358255
5 0.496351 0.311106 0.072615 0.144519 0.352724
0 0.113336 0.538544 0.0196214 0.0877025 0.341326
5 0.922564 0.213695 0.0609129 0.0974254 0.327878
7 0.959816 0.238067 0.0644867 0.0975033 0.313188
0 0.308826 0.356782 0.0166246 0.0693352 0.312365
2 0.81687 0.223604 0.0318823 0.0380213 0.291311
7 0.726641 0.21734 0.047273 0.090321 0.286717
5 0.567313 0.272408 0.0742027 0.1218 0.286607
2 0.835193 0.293477 0.0437687 0.052238 0.272779
5 0.726387 0.216524 0.048507 0.0906511 0.259984
2 0.844187 0.248928 0.0372494 0.0445853 0.256048
