63 0.623426 0.804472 0.260312 0.259823 0.902403
0 0.774165 0.674419 0.25304 0.487592 0.875854
56 0.232978 0.854859 0.465956 0.288493 0.836851
0 0.0685469 0.585892 0.135558 0.263369 0.826335
0 0.279654 0.516699 0.344383 0.42019 0.747184
0 0.937196 0.578664 0.125609 0.233925 0.733493
39 0.624821 0.789014 0.0403726 0.127304 0.720565
0 0.855805 0.568363 0.0908032 0.211407 0.656182
0 0.509863 0.633647 0.135512 0.370235 0.615751
74 0.299118 0.267228 0.0531664 0.0748168 0.573298
0 0.284639 0.42599 0.334043 0.596077 0.533502
0 0.612574 0.541826 0.0758887 0.161402 0.501691
56 0.575303 0.717756 0.0832176 0.237905 0.474224
56 0.905801 0.709353 0.118607 0.220881 0.460233
56 0.94911 0.780829 0.10089 0.175945 0.452747
63 0.840769 0.696231 0.0846814 0.0822844 0.442699
63 0.950088 0.879893 0.0989132 0.238578 0.387443
0 0.211569 0.261657 0.15542 0.265013 0.361101
0 0.622186 0.605774 0.100577 0.288161 0.359513
56 0.0519649 0.751524 0.10344 0.181645 0.353321
0 0.977147 0.551949 0.0452128 0.138307 0.35296
56 0.635903 0.67796 0.0778588 0.138291 0.351618
67 0.816528 0.896744 0.0659933 0.0261434 0.309364
0 0.981158 0.544715 0.0369381 0.117194 0.303285
0 0.918667 0.448214 0.0781132 0.0980349 0.297719
66 0.613517 0.882856 0.110583 0.0590347 0.286768
0 0.919465 0.467962 0.0800352 0.137245 0.284981
0 0.979893 0.574053 0.0391212 0.166477 0.281963
0 0.03131 0.564842 0.0624137 0.153846 0.278629
