0 0.4296 0.882251 0.107748 0.231424 0.876209
26 0.383327 0.841466 0.0710807 0.0835594 0.560395
2 0.735885 0.843267 0.289166 0.095176 0.517333
2 0.636765 0.854531 0.091237 0.0795746 0.424286
9 0.926942 0.643911 0.0486023 0.0521924 0.378446
2 0.793909 0.840272 0.177143 0.0844912 0.349673
9 0.973436 0.743801 0.0193307 0.0248999 0.344636
2 0.0622203 0.846583 0.12342 0.0609526 0.309712
0 0.860368 0.818408 0.0284648 0.0373583 0.282554
0 0.827891 0.817858 0.0181287 0.0347851 0.276994
0 0.844539 0.81568 0.0214436 0.042947 0.270716
2 0.70266 0.852124 0.224509 0.092992 0.263781
