5 0.9134 0.943831 0.150944 0.110923 0.701762
2 0.648243 0.929595 0.0522093 0.0621446 0.685835
2 0.524095 0.791021 0.0306639 0.0408091 0.658024
2 0.598569 0.828247 0.0350153 0.0417043 0.646656
2 0.564491 0.932423 0.0528201 0.0587222 0.638446
2 0.427981 0.7018 0.0234255 0.0278839 0.626226
2 0.647612 0.798383 0.0298096 0.0333336 0.593605
2 0.574027 0.862578 0.0387945 0.0490356 0.580072
2 0.316201 0.888818 0.0474836 0.0514987 0.575487
2 0.411193 0.662394 0.0196548 0.0186607 0.529813
2 0.438854 0.656549 0.0149115 0.01561 0.486601
0 0.288969 0.94488 0.0257701 0.058021 0.423058
2 0.368936 0.772587 0.0299225 0.0296305 0.396318
2 0.355415 0.789738 0.0304059 0.0270007 0.378297
2 0.548463 0.639526 0.0181379 0.0215591 0.261657
