62 0.490039 0.47974 0.147154 0.131816 0.909148
56 0.186347 0.898802 0.153924 0.201193 0.812088
0 0.796103 0.485097 0.0512916 0.109293 0.783323
56 0.977565 0.761605 0.0439817 0.112271 0.598416
57 0.824797 0.704598 0.188786 0.230366 0.585252
58 0.947187 0.899831 0.104767 0.199964 0.576335
75 0.962841 0.957189 0.0727127 0.0828867 0.542746
56 0.762428 0.588105 0.0675804 0.0718804 0.422611
75 0.762271 0.96144 0.0886801 0.0769652 0.318925
56 0.544157 0.80775 0.165409 0.187225 0.312131
58 0.772051 0.895426 0.14749 0.205655 0.300918
56 0.542414 0.614016 0.172526 0.104603 0.28241
