0 0.232546 0.558179 0.441139 0.743925 0.918454
0 0.827842 0.714418 0.34414 0.459297 0.882122
35 0.702759 0.738979 0.101177 0.106011 0.801884
0 0.742344 0.368601 0.203344 0.348483 0.731878
34 0.295634 0.143079 0.189162 0.206962 0.657302
0 0.541966 0.264682 0.113978 0.157229 0.652873
0 0.934248 0.20703 0.129804 0.182042 0.602618
56 0.912773 0.364302 0.137059 0.0523875 0.519894
0 0.780732 0.106374 0.12294 0.161358 0.518806
0 0.439415 0.195656 0.127164 0.205879 0.467534
0 0.670653 0.242211 0.134576 0.197989 0.420638
0 0.511178 0.104524 0.120165 0.198832 0.414387
0 0.568969 0.196391 0.080374 0.176421 0.393238
56 0.91652 0.422577 0.146757 0.17176 0.379853
0 0.97597 0.117978 0.0473709 0.136329 0.355602
0 0.035803 0.241605 0.0716059 0.276515 0.351658
56 0.506515 0.428662 0.141726 0.20524 0.336254
0 0.0433773 0.132019 0.0864805 0.208943 0.324133
56 0.950147 0.319842 0.0982967 0.0578763 0.313388
0 0.97482 0.535526 0.0495377 0.140345 0.283826
56 0.500207 0.465524 0.126959 0.138545 0.270352
56 0.901062 0.12669 0.115565 0.0530595 0.265577
0 0.819046 0.196905 0.100485 0.157927 0.262354
56 0.864058 0.316284 0.0644638 0.060737 0.252085
