11 0.716267 0.251312 0.0683012 0.108905 0.873275
0 0.287675 0.395726 0.104525 0.221852 0.870993
0 0.752642 0.54098 0.145871 0.357829 0.855967
0 0.621149 0.447308 0.103468 0.282741 0.765732
3 0.180591 0.399144 0.118387 0.220277 0.726129
3 0.312753 0.454237 0.132141 0.238511 0.683572
3 0.774106 0.64372 0.125251 0.206459 0.600738
0 0.387648 0.391095 0.0921905 0.260527 0.526551
0 0.381894 0.320005 0.0798452 0.11647 0.508289
3 0.390299 0.428738 0.0889043 0.187002 0.49015
3 0.620805 0.481382 0.133037 0.226092 0.438857
0 0.174768 0.310383 0.0869062 0.155765 0.394936
3 0.756767 0.609555 0.163903 0.269222 0.33466
3 0.637089 0.50386 0.0989272 0.176253 0.320323
0 0.171785 0.3641 0.0981541 0.267919 0.272129
