0 0.0308758 0.403633 0.0617448 0.330771 0.895402
3 0.687595 0.584455 0.439158 0.453886 0.877262
0 0.101703 0.407452 0.0676717 0.308476 0.869519
0 0.959943 0.483416 0.0792419 0.459884 0.864336
0 0.693478 0.544896 0.202115 0.500751 0.86261
2 0.554531 0.420369 0.285891 0.273457 0.83071
2 0.286943 0.301314 0.0338817 0.0444393 0.499951
13 0.203435 0.383428 0.084293 0.0709718 0.492808
0 0.439614 0.315771 0.0339155 0.0996919 0.461879
2 0.863122 0.401825 0.107073 0.193242 0.329098
26 0.07049 0.413221 0.0364797 0.0740863 0.325341
