0 0.378782 0.103774 0.113541 0.204568 0.838554
0 0.476901 0.107661 0.0862769 0.215321 0.747779
0 0.816106 0.0865395 0.0521101 0.173079 0.596866
0 0.573048 0.0791114 0.0762506 0.158216 0.575637
49 0.433984 0.50538 0.255621 0.185343 0.541512
0 0.818906 0.112247 0.0567179 0.224494 0.511883
47 0.891407 0.683487 0.215901 0.244692 0.484514
49 0.769597 0.748817 0.26383 0.333011 0.47166
49 0.217266 0.391266 0.176336 0.18254 0.453373
26 0.434697 0.108505 0.0483671 0.105899 0.443737
49 0.893846 0.319055 0.211326 0.199828 0.376912
49 0.194547 0.552108 0.178232 0.106501 0.341732
0 0.179402 0.13617 0.161802 0.270209 0.335907
47 0.166223 0.801731 0.229959 0.302762 0.284908
