2 0.363829 0.949047 0.144409 0.0978175 0.902604
2 0.20382 0.956861 0.190571 0.0855879 0.884009
2 0.639512 0.97053 0.1843 0.0580849 0.752421
2 0.559326 0.91988 0.0886991 0.073288 0.752254
2 0.482222 0.931146 0.117803 0.0828737 0.749161
33 0.49045 0.146191 0.053688 0.086457 0.729508
33 0.517952 0.545594 0.0656122 0.111871 0.660107
33 0.794463 0.698514 0.040775 0.0545657 0.63149
2 0.0274111 0.974412 0.0546374 0.0500753 0.599053
2 0.901013 0.988283 0.181083 0.0224194 0.456995
33 0.891354 0.0361826 0.212714 0.0720675 0.382569
33 0.604757 0.251652 0.0266309 0.0375182 0.366337
33 0.541285 0.500772 0.0175587 0.0195699 0.317234
33 0.737605 0.226596 0.0437212 0.0430415 0.302501
33 0.815448 0.0457467 0.0621628 0.0500496 0.264072
33 0.379915 0.329102 0.0155655 0.0137732 0.251396
