11 0.305732 0.362339 0.197892 0.310165 0.982397
2 0.452302 0.949374 0.092444 0.100383 0.803745
2 0.367129 0.944278 0.117272 0.111443 0.755443
0 0.833962 0.947649 0.0335461 0.104703 0.718744
2 0.533405 0.954103 0.0736034 0.0825909 0.643954
0 0.87023 0.945999 0.0240669 0.10454 0.639404
2 0.602124 0.945086 0.0726157 0.0897082 0.632372
2 0.219131 0.966365 0.138923 0.0672702 0.595989
2 0.704936 0.953713 0.186234 0.0925736 0.542434
0 0.811329 0.936118 0.0215752 0.0803549 0.345418
0 0.790986 0.947744 0.0499829 0.103465 0.282271
2 0.198256 0.979541 0.0974969 0.0382794 0.271488
