41 0.0816222 0.689619 0.0546844 0.0927301 0.901884
15 0.574607 0.693514 0.464713 0.489366 0.880403
7 0.0689195 0.309749 0.136989 0.36816 0.683301
7 0.230704 0.323265 0.205956 0.197365 0.585355
2 0.965858 0.314687 0.0670761 0.0937065 0.551589
0 0.493133 0.349305 0.334435 0.642633 0.528597
2 0.746506 0.31726 0.162765 0.0957767 0.520214
0 0.566287 0.487801 0.480991 0.913396 0.499453
39 0.261532 0.713862 0.0467238 0.10322 0.444048
13 0.710958 0.431698 0.148328 0.0982176 0.384278
2 0.893641 0.31057 0.0811478 0.0882217 0.34256
