45 0.476711 0.632489 0.04564 0.0570447 0.905534
56 0.712337 0.792237 0.256597 0.402182 0.844122
0 0.660581 0.437465 0.170767 0.396355 0.837502
0 0.350721 0.4836 0.237293 0.520019 0.835414
0 0.452592 0.314381 0.101491 0.186754 0.818396
56 0.261089 0.754842 0.352351 0.473802 0.796507
60 0.555059 0.592651 0.437808 0.464404 0.769304
40 0.526955 0.643327 0.0461544 0.150018 0.733324
40 0.58708 0.574496 0.0417986 0.114609 0.718719
0 0.674022 0.292758 0.091032 0.164079 0.679879
0 0.273251 0.661546 0.324878 0.648568 0.662877
56 0.973717 0.508122 0.0516193 0.420454 0.562424
0 0.5904 0.284844 0.0510286 0.138316 0.472849
41 0.440489 0.424346 0.0276438 0.0610899 0.407664
40 0.488305 0.464201 0.0269712 0.0813449 0.365651
56 0.74254 0.534418 0.0795849 0.220933 0.362174
0 0.236621 0.618118 0.24309 0.56475 0.318644
0 0.685563 0.307799 0.0675972 0.136393 0.312993
40 0.384547 0.422828 0.0263165 0.0742663 0.312929
56 0.931085 0.413454 0.136325 0.307833 0.311469
41 0.554964 0.402393 0.0220011 0.0649444 0.268466
56 0.759073 0.493564 0.0473333 0.138802 0.266081
57 0.474266 0.327809 0.240209 0.166121 0.250325
