2 0.887381 0.638361 0.157363 0.102633 0.820683
0 0.189686 0.647583 0.0458426 0.187005 0.811116
2 0.306834 0.61365 0.0493047 0.059246 0.776343
2 0.396344 0.612978 0.0584753 0.0578588 0.760978
0 0.132644 0.643569 0.0434762 0.190652 0.728886
2 0.515048 0.617648 0.0470377 0.0613912 0.654611
2 0.61483 0.611909 0.0459717 0.0582421 0.614211
2 0.502098 0.617243 0.0698629 0.0596703 0.612527
2 0.487422 0.61689 0.0394686 0.057861 0.534077
2 0.432355 0.607213 0.0189447 0.0259367 0.491757
2 0.45798 0.610909 0.0310646 0.0453286 0.454176
2 0.468254 0.61278 0.031633 0.0485082 0.434774
9 0.628571 0.496541 0.0108814 0.0506561 0.429625
9 0.314552 0.514605 0.00940609 0.0263286 0.400293
2 0.439982 0.609938 0.0191353 0.0298231 0.358162
7 0.570676 0.607557 0.0510204 0.0651331 0.35655
0 0.159009 0.634019 0.0254052 0.114549 0.32699
2 0.569899 0.608691 0.0483323 0.0639358 0.296593
2 0.474453 0.61339 0.0244747 0.0496645 0.27628
2 0.262286 0.602613 0.0285851 0.0447597 0.262362
