2 0.917951 0.686256 0.159412 0.312364 0.894794
2 0.848264 0.64571 0.285397 0.232903 0.894639
2 0.297215 0.639703 0.362898 0.211988 0.881264
2 0.143952 0.454284 0.0837518 0.0519352 0.850782
2 0.748903 0.611335 0.266539 0.198969 0.830097
9 0.36445 0.297876 0.0310699 0.0793951 0.759351
9 0.715871 0.297166 0.0339327 0.0579165 0.736252
2 0.136896 0.56629 0.114641 0.0798585 0.708857
2 0.320107 0.397781 0.0549458 0.0296372 0.699864
0 0.0680525 0.581031 0.0480536 0.0865049 0.693219
2 0.0195451 0.546016 0.0390901 0.0824936 0.468428
2 0.0292487 0.497447 0.0584974 0.0629553 0.41766
2 0.241855 0.378947 0.0249571 0.00869827 0.283397
2 0.165827 0.522715 0.0855586 0.0267022 0.256834
