68 0.268382 0.768156 0.233889 0.22022 0.959377
0 0.75044 0.675273 0.232643 0.645887 0.927923
0 0.588849 0.706945 0.182641 0.584371 0.892477
39 0.3959 0.71138 0.0305458 0.156906 0.694832
53 0.132208 0.872416 0.170272 0.0640619 0.631138
39 0.437333 0.662237 0.0230406 0.106824 0.581513
53 0.17566 0.967197 0.140528 0.0644145 0.421051
45 0.0158512 0.954524 0.0316292 0.0696727 0.365437
39 0.419702 0.667698 0.0237991 0.101542 0.335347
40 0.741236 0.726767 0.0421568 0.105387 0.293327
39 0.373793 0.731766 0.0215012 0.130522 0.259228
