0 0.256996 0.689003 0.227669 0.427266 0.906214
0 0.533394 0.709305 0.234344 0.425891 0.896771
0 0.755078 0.699278 0.199708 0.39237 0.850998
25 0.815709 0.391964 0.368581 0.170176 0.759066
24 0.77288 0.639302 0.122871 0.140544 0.640572
7 0.896772 0.54826 0.203874 0.110507 0.605607
0 0.631965 0.638677 0.109545 0.262742 0.580904
0 0.134657 0.564397 0.0555969 0.125853 0.533753
0 0.383088 0.56857 0.0768663 0.137304 0.490899
0 0.422093 0.56428 0.0579124 0.137925 0.45373
0 0.0516885 0.550064 0.0427442 0.0853064 0.364033
0 0.189377 0.524045 0.0571233 0.050129 0.303627
24 0.52907 0.673617 0.133302 0.154126 0.297525
