38 0.33059 0.173228 0.157735 0.244907 0.897833
0 0.436429 0.478546 0.389814 0.864572 0.886221
56 0.159088 0.431627 0.15695 0.0396544 0.800369
56 0.872358 0.160167 0.123588 0.0523454 0.420129
56 0.821409 0.195931 0.123117 0.0474541 0.387592
56 0.721704 0.0860221 0.124346 0.0903843 0.383617
56 0.768972 0.124794 0.12201 0.043683 0.358619
56 0.827401 0.102852 0.115199 0.0617948 0.349462
56 0.784187 0.0270827 0.111798 0.0365623 0.322864
56 0.911085 0.268368 0.172068 0.128708 0.318686
56 0.926247 0.132601 0.12465 0.0686838 0.313551
56 0.642958 0.0335686 0.114028 0.0418262 0.292141
56 0.086592 0.112456 0.157369 0.188012 0.276871
56 0.765095 0.153628 0.131723 0.100851 0.274776
56 0.872087 0.0679207 0.117024 0.064075 0.267011
