0 0.148772 0.312166 0.262206 0.358131 0.854703
0 0.482275 0.221434 0.0942812 0.189153 0.824301
55 0.25202 0.743171 0.372269 0.500493 0.763369
0 0.292736 0.202406 0.0412555 0.135561 0.63485
2 0.604091 0.223218 0.17029 0.146315 0.628553
55 0.0521057 0.650098 0.103968 0.143103 0.546149
55 0.704186 0.526789 0.0970914 0.095497 0.529825
0 0.974031 0.277403 0.0511135 0.441267 0.528886
55 0.575105 0.572999 0.0999764 0.0840337 0.507586
55 0.480536 0.550961 0.0926863 0.0958973 0.490194
55 0.671858 0.593013 0.105825 0.0863275 0.481199
55 0.823199 0.388035 0.0538265 0.050864 0.47785
55 0.748245 0.481071 0.0608951 0.0833553 0.456674
55 0.54211 0.504746 0.0786268 0.0751847 0.437122
55 0.621408 0.512819 0.0864086 0.0896768 0.399645
55 0.480622 0.536907 0.0935608 0.0675872 0.335398
55 0.783872 0.381567 0.0279726 0.0455049 0.275595
55 0.44206 0.606595 0.0574024 0.101534 0.264841
55 0.719024 0.434513 0.050322 0.0623561 0.25894
