16 0.787269 0.333946 0.314278 0.415353 0.947213
0 0.744905 0.764561 0.0973208 0.165532 0.838954
0 0.048261 0.795282 0.0953492 0.0999711 0.818924
0 0.836849 0.766792 0.129985 0.161223 0.783149
2 0.53357 0.771777 0.372558 0.152197 0.769515
0 0.954474 0.772125 0.0900147 0.149675 0.695834
7 0.0956481 0.562025 0.189969 0.167992 0.578522
2 0.333512 0.755628 0.228108 0.17302 0.514741
2 0.155067 0.735144 0.309814 0.218129 0.477677
2 0.372918 0.669989 0.185917 0.0666391 0.401985
0 0.593559 0.800556 0.0845574 0.0926741 0.386929
2 0.297752 0.754513 0.157927 0.1728 0.375746
0 0.0121332 0.753327 0.0241864 0.107817 0.330777
2 0.831217 0.76134 0.265651 0.139525 0.299748
