37 0.496364 0.822555 0.0973192 0.165441 0.910486
0 0.450446 0.548822 0.0898766 0.339112 0.866663
0 0.0388662 0.534987 0.0614299 0.212374 0.864609
37 0.862032 0.800445 0.15683 0.154218 0.852352
0 0.283013 0.540175 0.0773944 0.318204 0.850192
0 0.370766 0.562543 0.10147 0.321251 0.838691
0 0.747037 0.724925 0.0894796 0.209928 0.817192
0 0.574806 0.716296 0.076996 0.228823 0.797435
0 0.579994 0.52175 0.0589693 0.191458 0.786531
37 0.268821 0.838581 0.0989544 0.187651 0.777142
0 0.137388 0.772272 0.165301 0.261116 0.765784
0 0.833129 0.583006 0.0709247 0.240778 0.759288
0 0.726791 0.563943 0.0951311 0.320692 0.716365
0 0.5205 0.563444 0.0780077 0.295809 0.673159
0 0.253431 0.782903 0.154624 0.292808 0.647823
24 0.210092 0.599964 0.0696625 0.0395463 0.560599
0 0.536093 0.651571 0.0665225 0.199919 0.546074
0 0.874791 0.50577 0.0341454 0.170438 0.337427
