5 0.772888 0.710747 0.45334 0.364942 0.923422
2 0.754454 0.907634 0.491093 0.184332 0.883918
74 0.504 0.243574 0.108 0.0823223 0.859685
2 0.199875 0.860099 0.113925 0.0641853 0.659063
2 0.0668024 0.860085 0.0933365 0.0553905 0.636774
0 0.0285949 0.851554 0.0315652 0.0661713 0.485416
0 0.0097608 0.848689 0.0195216 0.0729286 0.380774
2 0.132555 0.858857 0.108751 0.0574003 0.357343
0 0.709819 0.610992 0.0392199 0.0325408 0.3315
2 0.971605 0.822498 0.0556264 0.0421867 0.314867
2 0.104958 0.859636 0.160076 0.0583008 0.309098
2 0.0801839 0.861532 0.065542 0.0532787 0.250311
