74 0.514949 0.264091 0.083336 0.0560317 0.872784
0 0.175744 0.738766 0.0533864 0.108471 0.728304
2 0.789821 0.74305 0.244867 0.0917247 0.689402
0 0.0933483 0.743875 0.0525155 0.115031 0.674929
0 0.865473 0.748155 0.0769613 0.111595 0.54462
0 0.98203 0.728285 0.030158 0.0402981 0.443198
9 0.969897 0.67051 0.0155786 0.0256215 0.431727
0 0.94859 0.726681 0.0316396 0.043897 0.426823
0 0.22425 0.71647 0.0193486 0.0336746 0.405796
9 0.956377 0.66359 0.0233255 0.0459959 0.383386
0 0.948679 0.740018 0.0320726 0.0711599 0.356686
9 0.805373 0.598148 0.0363035 0.0647852 0.328589
2 0.681122 0.747466 0.0584351 0.0570129 0.313367
2 0.100992 0.716193 0.195775 0.0605804 0.309667
0 0.197268 0.739297 0.0298567 0.104039 0.304042
0 0.198427 0.72656 0.0272361 0.0780066 0.272785
9 0.870766 0.641261 0.0371601 0.0717354 0.258703
9 0.806366 0.60906 0.0400589 0.0866484 0.254515
