0 0.566085 0.629166 0.0767756 0.318977 0.868462
0 0.150226 0.659074 0.262387 0.681852 0.862511
0 0.471941 0.624522 0.077393 0.304269 0.856865
0 0.405279 0.621462 0.0704834 0.286764 0.850957
0 0.794931 0.638265 0.200163 0.709486 0.846642
0 0.672957 0.620454 0.0567429 0.295852 0.787094
2 0.0202509 0.502588 0.039575 0.0340395 0.557868
2 0.0761047 0.497519 0.0748311 0.0482557 0.347462
0 0.596549 0.491346 0.0112692 0.0499429 0.327779
0 0.654851 0.503391 0.0227261 0.0716984 0.281415
34 0.874073 0.210456 0.226645 0.169028 0.272285
