0 0.662571 0.504416 0.317608 0.710086 0.880149
0 0.496196 0.520701 0.260604 0.697433 0.8651
0 0.228844 0.249846 0.131571 0.492557 0.795878
14 0.0628862 0.907876 0.108606 0.123026 0.758404
0 0.345565 0.268139 0.142995 0.523942 0.706327
14 0.313982 0.854041 0.103126 0.0937626 0.672349
0 0.514213 0.172304 0.244375 0.337747 0.656991
14 0.299263 0.855472 0.0708808 0.094021 0.522935
58 0.147947 0.593416 0.295404 0.192555 0.38386
13 0.480176 0.55345 0.820114 0.632322 0.378068
13 0.608969 0.558712 0.690286 0.610534 0.34604
58 0.148162 0.639759 0.29617 0.283034 0.340434
0 0.830959 0.165121 0.0732759 0.268708 0.287615
