77 0.644597 0.544386 0.49748 0.536635 0.889017
0 0.359689 0.555102 0.39624 0.568967 0.813685
0 0.914054 0.471949 0.170704 0.597146 0.75578
0 0.176306 0.333138 0.230228 0.405298 0.693027
0 0.25196 0.0359001 0.0502894 0.0710922 0.612992
0 0.839716 0.264775 0.238835 0.3816 0.598057
0 0.589516 0.149768 0.122118 0.256735 0.584184
0 0.0579105 0.243831 0.115821 0.312803 0.570049
0 0.262603 0.179254 0.121848 0.178653 0.553503
24 0.303874 0.910712 0.339129 0.177752 0.489033
0 0.190407 0.0544564 0.0539686 0.103987 0.434375
0 0.952688 0.134614 0.0934995 0.16447 0.407157
0 0.701492 0.15662 0.156065 0.249027 0.278415
0 0.382325 0.223016 0.155204 0.233823 0.265232
26 0.918093 0.807571 0.162899 0.38264 0.251112
