2 0.0737457 0.577145 0.127638 0.0857029 0.810595
2 0.18422 0.550708 0.0763072 0.069182 0.649475
2 0.116674 0.545494 0.070585 0.0669027 0.608953
2 0.375118 0.522529 0.038086 0.0316542 0.602124
2 0.0231591 0.560827 0.0460488 0.10042 0.577993
2 0.301121 0.536967 0.045792 0.0411175 0.449044
2 0.454702 0.513306 0.0250898 0.0228268 0.37187
2 0.667324 0.535127 0.0308098 0.0471269 0.350878
2 0.417253 0.509463 0.0310266 0.0260046 0.346175
2 0.19836 0.547588 0.102062 0.0659757 0.32914
2 0.24995 0.542244 0.0432137 0.0432752 0.313749
2 0.0386336 0.578087 0.0656766 0.0832774 0.300957
2 0.696474 0.520944 0.035219 0.0441862 0.270335
2 0.533804 0.548102 0.0216797 0.0494347 0.267539
2 0.222171 0.544689 0.0566027 0.0611439 0.266143
2 0.692993 0.532417 0.0385343 0.0506724 0.252245
2 0.491702 0.528738 0.0364894 0.0450807 0.250372
