2 0.389063 0.504464 0.116928 0.0523184 0.865097
0 0.29226 0.552946 0.0967221 0.181682 0.842728
0 0.723801 0.624109 0.16031 0.329872 0.831871
0 0.0748775 0.532923 0.0794709 0.147764 0.810699
25 0.264755 0.449212 0.154557 0.0361895 0.631227
0 0.342562 0.573641 0.045838 0.099176 0.401765
25 0.71439 0.459925 0.297833 0.142518 0.391701
25 0.264709 0.474124 0.157658 0.0866051 0.343442
25 0.715175 0.424574 0.296531 0.0682253 0.337855
0 0.854373 0.513921 0.0365701 0.0546618 0.320386
2 0.561682 0.512119 0.100457 0.0766291 0.286015
2 0.539488 0.511199 0.0673556 0.0750231 0.272575
