17 0.680251 0.576711 0.331832 0.453615 0.90503
0 0.0696642 0.529895 0.0271804 0.13903 0.681075
25 0.95665 0.37451 0.0652042 0.0458683 0.571214
0 0.193117 0.512938 0.0287284 0.137527 0.562209
0 0.136616 0.520658 0.0345501 0.150269 0.5601
0 0.872598 0.40801 0.0422836 0.0746475 0.529287
0 0.113812 0.531293 0.0211819 0.125803 0.51185
0 0.15905 0.521374 0.0274545 0.129011 0.503675
0 0.337875 0.54826 0.055195 0.232597 0.49946
25 0.643414 0.341573 0.200924 0.0904941 0.471726
25 0.0293635 0.421562 0.0403534 0.0352358 0.455417
0 0.839236 0.418009 0.0283503 0.0682151 0.454561
13 0.906777 0.596268 0.132417 0.129029 0.41607
0 0.335569 0.522206 0.0501363 0.173907 0.412205
6 0.374283 0.510326 0.35785 0.443835 0.411218
13 0.872697 0.597213 0.204037 0.124734 0.407009
0 0.133198 0.519958 0.0243461 0.146544 0.365442
0 0.797543 0.566056 0.102228 0.152407 0.305363
0 0.176813 0.509269 0.0226795 0.136844 0.30011
0 0.947867 0.430236 0.0297466 0.0465385 0.296746
25 0.644193 0.36701 0.202702 0.141276 0.272802
0 0.252677 0.473362 0.0153015 0.051221 0.254071
