25 0.295989 0.488986 0.0854373 0.419775 0.716398
25 0.259853 0.522313 0.110613 0.435539 0.614436
25 0.280006 0.508521 0.0675785 0.449568 0.537993
75 0.621713 0.643345 0.0574961 0.154289 0.47585
25 0.236438 0.514226 0.0638981 0.423015 0.44615
25 0.30138 0.546187 0.0736651 0.267332 0.412202
25 0.350825 0.531338 0.049376 0.295235 0.400778
25 0.31746 0.481248 0.0534541 0.401552 0.353552
25 0.225878 0.504962 0.0499647 0.412966 0.334832
75 0.69411 0.667618 0.0663926 0.144493 0.331925
25 0.222457 0.430946 0.0475386 0.242775 0.323403
0 0.355379 0.806565 0.06678 0.237813 0.295205
25 0.413743 0.46322 0.079525 0.416205 0.282227
25 0.139422 0.411558 0.0322449 0.243768 0.274684
25 0.352424 0.455045 0.0417534 0.461898 0.271747
