0 0.322336 0.551917 0.359378 0.687176 0.950897
0 0.786294 0.696029 0.30338 0.567519 0.934599
0 0.551389 0.706224 0.293783 0.523255 0.858779
0 0.663365 0.10218 0.0864213 0.1991 0.810734
35 0.402423 0.642541 0.0464309 0.142746 0.728079
0 0.399235 0.0859112 0.167534 0.168152 0.684972
34 0.402765 0.270468 0.0680543 0.246012 0.636176
56 0.903858 0.184035 0.0910931 0.10593 0.526092
0 0.049333 0.0603896 0.0983219 0.120751 0.475935
0 0.172765 0.0744643 0.0726776 0.120637 0.434226
0 0.127315 0.0648087 0.0631301 0.123035 0.430934
34 0.394199 0.312292 0.0884722 0.327764 0.275279
0 0.458242 0.088137 0.0525704 0.168716 0.275044
