39 0.343477 0.650602 0.145162 0.408376 0.823451
0 0.585457 0.537319 0.375938 0.911896 0.63402
0 0.721513 0.103704 0.0803619 0.207284 0.609343
0 0.809487 0.68887 0.377758 0.617764 0.533809
0 0.919434 0.135985 0.160205 0.270897 0.528706
0 0.832502 0.143774 0.150839 0.287523 0.446206
60 0.306423 0.841633 0.611285 0.315019 0.396927
0 0.401298 0.53878 0.741257 0.914492 0.387841
56 0.863148 0.386487 0.273704 0.267219 0.351243
24 0.282099 0.37395 0.494586 0.72544 0.294613
0 0.711089 0.550241 0.576818 0.893272 0.293147
