9 0.430361 0.487608 0.0172439 0.0803201 0.802529
7 0.952549 0.838408 0.0941395 0.101124 0.771121
9 0.700658 0.56919 0.0162556 0.0679868 0.758629
9 0.328234 0.525026 0.01583 0.0618912 0.727918
9 0.466247 0.503194 0.0210626 0.0731098 0.719739
2 0.183617 0.849052 0.0527556 0.0484243 0.71388
9 0.752872 0.589631 0.0174205 0.0660113 0.68895
9 0.117407 0.473214 0.0187895 0.0723274 0.688344
2 0.252334 0.85205 0.0430055 0.0418638 0.675523
7 0.752674 0.842874 0.0781708 0.0790587 0.670222
9 0.559542 0.530537 0.0166733 0.0685481 0.664956
9 0.0894435 0.474485 0.025301 0.0801374 0.640656
9 0.578398 0.532191 0.0196629 0.068151 0.627663
9 0.805612 0.614407 0.017735 0.0545077 0.590613
9 0.465813 0.518466 0.0215534 0.108978 0.58982
2 0.0928515 0.839666 0.0963406 0.0891519 0.589622
2 0.597953 0.85011 0.0244679 0.0270351 0.513841
7 0.547662 0.841818 0.0423389 0.0527281 0.393111
2 0.225542 0.851545 0.0255423 0.0294978 0.34921
2 0.840023 0.842264 0.0221859 0.0176555 0.291304
2 0.282383 0.845932 0.023792 0.0282044 0.290278
9 0.327729 0.516994 0.018733 0.0781173 0.28622
