10 0.418691 0.528365 0.698631 0.875402 0.922917
0 0.855425 0.328693 0.193967 0.290229 0.913459
2 0.72622 0.335434 0.0934391 0.043721 0.653085
2 0.956151 0.352744 0.0794596 0.0292325 0.616167
9 0.619421 0.072067 0.0358545 0.0604626 0.575901
9 0.265138 0.139878 0.0330431 0.0439656 0.542801
2 0.789078 0.338452 0.0508429 0.0402804 0.378833
7 0.0385878 0.309587 0.0771755 0.0715014 0.373511
0 0.664291 0.337414 0.0284007 0.0377555 0.370935
2 0.968006 0.351803 0.0595075 0.0281958 0.279697
2 0.03862 0.314859 0.07724 0.0610506 0.275806
2 0.583048 0.338754 0.0457417 0.0279431 0.275021
