2 0.598127 0.730332 0.206966 0.22023 0.914796
0 0.0329679 0.678166 0.0517889 0.161131 0.874889
0 0.176595 0.69094 0.120779 0.438066 0.859996
2 0.833065 0.64964 0.0431984 0.0416317 0.77742
2 0.760891 0.678145 0.0802916 0.0915398 0.73584
3 0.0990249 0.743952 0.0748994 0.206384 0.721224
2 0.379502 0.709276 0.251103 0.316141 0.712791
2 0.634821 0.633001 0.104819 0.0731344 0.471308
1 0.170615 0.854653 0.0739465 0.217071 0.438671
0 0.271069 0.629807 0.0481601 0.192316 0.4343
2 0.973586 0.642817 0.0387783 0.0370514 0.412238
