0 0.469662 0.606956 0.638596 0.579506 0.827115
72 0.56962 0.493121 0.570052 0.867929 0.736066
39 0.582366 0.0380726 0.0419301 0.0761453 0.459521
68 0.122722 0.3384 0.191028 0.102049 0.415293
39 0.401031 0.0482662 0.100667 0.0962652 0.399696
39 0.549273 0.0395076 0.036868 0.0790153 0.365291
39 0.508216 0.041918 0.0511869 0.0831468 0.340025
39 0.652146 0.0357991 0.0624851 0.0707155 0.336699
39 0.615775 0.0376355 0.0364109 0.075227 0.30578
39 0.470266 0.0433139 0.0632081 0.0866277 0.3056
39 0.0247747 0.330286 0.0486333 0.135426 0.304636
39 0.639548 0.037222 0.0824604 0.0744439 0.258706
0 0.412517 0.721402 0.458897 0.357988 0.255922
