25 0.747773 0.385505 0.136078 0.115886 0.909411
0 0.73375 0.601619 0.0855192 0.428552 0.859227
0 0.616195 0.637731 0.0992725 0.406797 0.852398
25 0.588976 0.426033 0.149948 0.107459 0.760108
26 0.569056 0.550315 0.033474 0.121406 0.702622
2 0.0561963 0.37381 0.0524065 0.0382198 0.641418
0 0.466642 0.404636 0.0266036 0.0690945 0.396685
2 0.0438959 0.370857 0.0760736 0.0444968 0.396544
0 0.461788 0.405919 0.0228437 0.0684385 0.39564
2 0.502645 0.38874 0.0377709 0.0438387 0.389344
9 0.636437 0.283569 0.013508 0.0340894 0.265184
2 0.0271025 0.358894 0.0415002 0.0329941 0.251944
