0 0.240994 0.709963 0.299796 0.564613 0.883992
0 0.74527 0.58939 0.263797 0.532425 0.870012
0 0.522871 0.355635 0.0922733 0.161479 0.855922
40 0.603752 0.686757 0.0468679 0.14888 0.852784
0 0.417019 0.491328 0.241748 0.386567 0.84587
40 0.505388 0.712216 0.0483287 0.15242 0.732565
60 0.558659 0.69642 0.623648 0.577857 0.665589
56 0.128626 0.551687 0.115505 0.221174 0.637036
56 0.034674 0.594622 0.069199 0.230382 0.549972
0 0.0303928 0.39516 0.0605646 0.103909 0.540697
57 0.889849 0.696479 0.219836 0.577607 0.537279
0 0.101601 0.426535 0.118606 0.234161 0.52474
41 0.546989 0.63843 0.0417711 0.0736167 0.498887
63 0.246084 0.708595 0.097202 0.145022 0.476086
0 0.624461 0.441938 0.06569 0.163138 0.475422
0 0.434628 0.425683 0.0815395 0.232984 0.431429
41 0.497074 0.604136 0.0404802 0.0758545 0.430826
0 0.662896 0.46685 0.0837953 0.238885 0.425161
0 0.176562 0.378959 0.0586746 0.111952 0.330506
0 0.250235 0.396797 0.0833021 0.0992788 0.30471
