0 0.189178 0.549592 0.378275 0.830456 0.918795
0 0.450918 0.504407 0.11581 0.180187 0.849236
0 0.648128 0.505184 0.130858 0.217126 0.849204
0 0.300628 0.509437 0.122908 0.284903 0.816316
63 0.185784 0.562783 0.113664 0.169888 0.814561
45 0.626958 0.668634 0.0550234 0.0623725 0.74996
45 0.700181 0.679576 0.0726208 0.0670143 0.734516
0 0.889448 0.464765 0.220175 0.403373 0.722763
41 0.870451 0.532418 0.0430492 0.056293 0.712897
41 0.573146 0.679675 0.0601534 0.0977297 0.697946
74 0.29461 0.259218 0.0349799 0.0674609 0.662457
41 0.661537 0.625828 0.0243916 0.0493846 0.658819
39 0.686154 0.590819 0.034252 0.11555 0.630692
60 0.674142 0.779084 0.649412 0.394076 0.528027
39 0.786662 0.671553 0.0572187 0.173656 0.457223
41 0.405002 0.614769 0.0467223 0.063442 0.426231
45 0.864335 0.619145 0.100026 0.12798 0.330617
60 0.656168 0.714058 0.676808 0.284215 0.297425
