0 0.338437 0.579831 0.574126 0.818217 0.916464
0 0.616472 0.479905 0.120949 0.4638 0.856054
55 0.711083 0.631834 0.138003 0.31333 0.850551
0 0.343232 0.229153 0.0769259 0.149006 0.798013
0 0.0930273 0.523746 0.119389 0.605681 0.708401
0 0.207463 0.378732 0.0997098 0.427506 0.671911
0 0.291202 0.239687 0.0781309 0.165051 0.597219
0 0.505126 0.364853 0.167178 0.664733 0.559822
0 0.489522 0.518293 0.266037 0.931387 0.531698
0 0.104493 0.362539 0.142299 0.493393 0.508776
0 0.139865 0.197527 0.0399911 0.0753007 0.457314
0 0.103614 0.250732 0.140106 0.266802 0.456299
0 0.0326344 0.439674 0.0651039 0.499237 0.407008
39 0.751861 0.859407 0.0868874 0.277339 0.349381
55 0.593646 0.948716 0.128668 0.101165 0.337931
60 0.654159 0.734713 0.463272 0.516822 0.280717
