40 0.74701 0.718665 0.170802 0.561252 0.919422
45 0.610369 0.510647 0.258453 0.240619 0.869739
45 0.243091 0.398294 0.332415 0.226997 0.8599
45 0.555572 0.835123 0.250796 0.26441 0.842584
45 0.455986 0.473747 0.114666 0.144573 0.824631
44 0.490911 0.41942 0.0601211 0.0984791 0.415604
60 0.487981 0.644639 0.975962 0.705193 0.408955
43 0.230739 0.530116 0.212764 0.31132 0.356068
43 0.324892 0.564326 0.406541 0.375109 0.325882
40 0.801299 0.555289 0.138305 0.372929 0.318725
60 0.364539 0.613727 0.726987 0.757832 0.263195
0 0.746285 0.349178 0.50641 0.338309 0.261837
