0 0.20896 0.63652 0.323785 0.418669 0.90237
0 0.755282 0.412831 0.196935 0.369725 0.859675
0 0.211782 0.133201 0.22779 0.258514 0.841372
0 0.872779 0.847441 0.223937 0.294659 0.836415
63 0.682453 0.20671 0.0913861 0.106632 0.83088
0 0.0527123 0.104534 0.105088 0.204198 0.819085
0 0.503926 0.44531 0.244271 0.370624 0.790619
0 0.190894 0.478479 0.262764 0.406734 0.789963
63 0.819837 0.388875 0.123886 0.166721 0.741829
0 0.154424 0.923258 0.246962 0.153485 0.741634
0 0.489732 0.267544 0.179955 0.312547 0.681006
63 0.764162 0.622218 0.108899 0.137119 0.675079
63 0.468944 0.671181 0.0984466 0.134425 0.525075
65 0.529051 0.410508 0.0228256 0.0231643 0.409697
63 0.4305 0.0273277 0.0672374 0.05276 0.383728
63 0.78561 0.761646 0.100577 0.114294 0.369
65 0.563984 0.248945 0.030189 0.0252962 0.365319
0 0.463033 0.198853 0.220813 0.382446 0.331547
65 0.56052 0.25028 0.0378906 0.0305669 0.31019
56 0.730229 0.502004 0.194794 0.310469 0.288382
65 0.243855 0.466306 0.0234129 0.0228577 0.274736
65 0.481086 0.445072 0.0267568 0.0314228 0.270911
56 0.471432 0.943878 0.154513 0.108975 0.260813
