8 0.50852 0.386078 0.215239 0.254393 0.853412
0 0.346811 0.29945 0.0427247 0.143275 0.786966
0 0.479427 0.244241 0.0486938 0.0765989 0.683001
0 0.435617 0.246154 0.0198905 0.0357638 0.517159
0 0.369154 0.285673 0.022441 0.101599 0.511273
0 0.511866 0.247206 0.0311264 0.0579422 0.509323
0 0.404037 0.277116 0.0241669 0.070055 0.507399
0 0.547091 0.258609 0.0266322 0.0368589 0.504712
0 0.441802 0.248199 0.0307766 0.0364404 0.414038
0 0.0492847 0.6442 0.0984225 0.697546 0.362987
26 0.335275 0.283298 0.0207952 0.0458865 0.29605
