0 0.60673 0.484488 0.319482 0.769876 0.938726
32 0.915031 0.886956 0.0781754 0.114058 0.918076
0 0.153516 0.541712 0.305981 0.713261 0.908718
0 0.38936 0.555499 0.281743 0.785155 0.904585
0 0.31907 0.467044 0.185012 0.665278 0.824496
0 0.0705501 0.261009 0.0683311 0.25024 0.793674
0 0.0372381 0.433855 0.0743996 0.464856 0.763933
2 0.556875 0.220363 0.164485 0.16899 0.61944
0 0.0519293 0.542258 0.103859 0.688033 0.565289
2 0.244754 0.0157922 0.0549245 0.0299054 0.40354
0 0.301024 0.202854 0.0776284 0.157021 0.357399
2 0.410786 0.239912 0.0744956 0.0986109 0.318353
