0 0.561087 0.29864 0.586442 0.574305 0.897608
48 0.595367 0.854052 0.233306 0.235991 0.868909
60 0.49899 0.762831 0.997981 0.471211 0.813126
48 0.345668 0.849628 0.29623 0.251064 0.810775
0 0.951899 0.471656 0.0951897 0.260449 0.739894
0 0.907859 0.283984 0.184084 0.210636 0.710782
0 0.29653 0.342129 0.18428 0.336403 0.641709
41 0.983206 0.639446 0.0324949 0.189087 0.61258
42 0.442791 0.642483 0.0572416 0.0972893 0.47809
56 0.874123 0.358602 0.0644414 0.0314499 0.45649
43 0.440578 0.641673 0.0545795 0.0978157 0.42413
56 0.863803 0.476552 0.180749 0.204442 0.416422
2 0.0871703 0.284602 0.173153 0.134909 0.388093
2 0.69642 0.220093 0.0556844 0.0213043 0.315933
56 0.89523 0.470012 0.116338 0.187097 0.27966
