0 0.367473 0.264962 0.06553 0.129704 0.754481
30 0.351765 0.215746 0.0981997 0.134023 0.738564
0 0.540806 0.848088 0.0506714 0.0755167 0.628033
0 0.550413 0.372147 0.111293 0.151151 0.589927
33 0.859688 0.399961 0.0879614 0.0911767 0.557446
0 0.488938 0.848304 0.0429041 0.070938 0.516054
0 0.245551 0.859746 0.0328918 0.07601 0.481235
0 0.300939 0.848292 0.0665182 0.0970875 0.471365
0 0.352565 0.956573 0.0503715 0.0824648 0.459244
0 0.364073 0.859891 0.0152544 0.023843 0.456739
0 0.46515 0.846194 0.0417734 0.0737064 0.438526
0 0.608823 0.84429 0.0310411 0.0507623 0.423854
0 0.619192 0.844085 0.0513077 0.0520449 0.364895
0 0.212608 0.8267 0.0456152 0.0696739 0.356241
0 0.23773 0.858156 0.0469237 0.0765304 0.326053
0 0.497193 0.847135 0.0247957 0.0699397 0.301261
0 0.635549 0.849852 0.0841854 0.0625186 0.271131
