0 0.140473 0.470754 0.0920227 0.229601 0.865799
0 0.927678 0.465694 0.074181 0.157257 0.857545
3 0.472383 0.634306 0.354127 0.402064 0.848806
0 0.0689637 0.459414 0.0548265 0.25852 0.840522
0 0.291315 0.461649 0.0259644 0.0874088 0.795893
0 0.831751 0.390879 0.0741837 0.121752 0.750136
0 0.531718 0.539494 0.164388 0.488327 0.712255
0 0.40639 0.403032 0.0661881 0.118022 0.69587
0 0.326582 0.458656 0.0194556 0.0860013 0.666702
0 0.438441 0.560168 0.189754 0.539353 0.59186
0 0.494569 0.55532 0.236634 0.52864 0.571498
2 0.0280873 0.579265 0.0561747 0.222904 0.334507
0 0.588108 0.347471 0.03291 0.084857 0.299262
0 0.47646 0.41251 0.111652 0.243392 0.284361
