60 0.500194 0.751172 0.999612 0.493761 0.846278
0 0.91272 0.570386 0.173621 0.242344 0.837085
0 0.0574342 0.579763 0.114539 0.229228 0.820453
40 0.840585 0.761602 0.0604482 0.146863 0.769062
0 0.482008 0.464921 0.0859002 0.0998984 0.729296
40 0.852029 0.923888 0.130079 0.151041 0.724823
0 0.25167 0.518386 0.130578 0.158619 0.707143
39 0.386211 0.655678 0.0474414 0.12625 0.701638
41 0.778393 0.831564 0.078775 0.115115 0.617423
40 0.717551 0.940521 0.155265 0.118222 0.602667
41 0.718065 0.940586 0.157536 0.118769 0.587186
40 0.916146 0.936979 0.0996028 0.125047 0.577521
41 0.25771 0.827978 0.209319 0.249045 0.549464
0 0.958627 0.483211 0.0818442 0.0754627 0.540063
40 0.136886 0.699583 0.050677 0.0980763 0.515015
0 0.880509 0.419672 0.0932199 0.0670875 0.479412
0 0.763613 0.484032 0.0932983 0.103314 0.446081
0 0.666809 0.488811 0.0875852 0.0768299 0.426025
0 0.150525 0.528677 0.15344 0.228919 0.394067
0 0.969784 0.703991 0.0593412 0.0941501 0.356582
0 0.859707 0.418253 0.0525297 0.0625967 0.349553
41 0.485956 0.626372 0.0781462 0.101573 0.339629
0 0.799356 0.52284 0.173578 0.162994 0.333765
40 0.801942 0.659963 0.0420453 0.060455 0.321125
39 0.269485 0.830951 0.192099 0.251991 0.312983
41 0.257013 0.764012 0.20616 0.11865 0.309388
0 0.793543 0.428812 0.0344721 0.0372757 0.289388
41 0.176038 0.620422 0.0347576 0.0295963 0.273175
40 0.244464 0.627281 0.0459285 0.0822544 0.256306
