0 0.933167 0.484777 0.107178 0.519162 0.888998
0 0.736101 0.578157 0.168527 0.631901 0.880156
0 0.193658 0.593277 0.156857 0.75888 0.872985
0 0.700206 0.338426 0.0333145 0.061537 0.608528
46 0.488967 0.650994 0.0486494 0.0640821 0.442096
47 0.428583 0.570485 0.154775 0.118994 0.430086
0 0.988024 0.427698 0.0232338 0.200511 0.410211
46 0.487725 0.707729 0.0790024 0.0805785 0.3588
49 0.263793 0.440531 0.0860573 0.0891144 0.316996
2 0.978591 0.324702 0.0427887 0.0682711 0.280261
49 0.0861985 0.403915 0.0775877 0.149016 0.279847
49 0.372451 0.6333 0.146175 0.147961 0.268572
