2 0.894779 0.890495 0.209382 0.217703 0.736466
3 0.0672678 0.588498 0.0930272 0.102067 0.622425
2 0.0800444 0.399551 0.128598 0.118165 0.590093
2 0.724687 0.76439 0.260023 0.245269 0.586004
2 0.574639 0.670419 0.205425 0.198078 0.547606
7 0.0621709 0.196657 0.123853 0.176086 0.535233
7 0.725004 0.764867 0.25994 0.245157 0.500188
0 0.879643 0.648855 0.0309938 0.111196 0.499545
3 0.776757 0.429906 0.06366 0.0676324 0.491284
3 0.937491 0.461486 0.0657867 0.0687845 0.49005
3 0.387697 0.554359 0.0415851 0.0762108 0.484226
5 0.321847 0.150296 0.16292 0.111595 0.480023
7 0.57534 0.668915 0.205151 0.197421 0.455399
3 0.461387 0.517172 0.0349651 0.0756252 0.412291
3 0.1854 0.283818 0.0377584 0.0713595 0.3997
3 0.291705 0.630587 0.0462221 0.110916 0.374748
3 0.323372 0.309846 0.0488846 0.0480974 0.352737
2 0.321522 0.150677 0.163532 0.111018 0.340062
3 0.848449 0.33268 0.0816172 0.0741304 0.333077
3 0.657475 0.414938 0.0662384 0.0564834 0.31956
3 0.289919 0.648026 0.0443522 0.0889968 0.301801
3 0.274341 0.557578 0.086499 0.0816182 0.300631
3 0.202449 0.281565 0.069583 0.0698317 0.290231
3 0.760894 0.355478 0.0777383 0.0611758 0.287596
3 0.970255 0.309352 0.0585798 0.074607 0.28321
3 0.25869 0.565105 0.0517467 0.0615565 0.280769
1 0.527945 0.489639 0.0298965 0.0733075 0.278034
3 0.779167 0.416829 0.0571447 0.0903734 0.275775
3 0.977567 0.305672 0.0439367 0.0652424 0.266403
0 0.461638 0.487649 0.0371367 0.0833804 0.250021
