28 0.413986 0.699326 0.0356002 0.0943192 0.850785
6 0.445238 0.497309 0.882845 0.422491 0.806253
28 0.342281 0.710043 0.039511 0.10831 0.686976
28 0.451672 0.722721 0.0416702 0.0440878 0.579997
28 0.53539 0.680462 0.0361795 0.0871072 0.576958
28 0.375447 0.702164 0.0389241 0.110822 0.563745
0 0.411622 0.594734 0.047263 0.136852 0.498868
24 0.697736 0.775965 0.0469177 0.0920114 0.435143
2 0.9417 0.583965 0.062249 0.0763755 0.43083
28 0.363527 0.589126 0.035973 0.0818175 0.416231
28 0.484682 0.584789 0.0257013 0.0703519 0.288527
7 0.93869 0.583522 0.0558262 0.0766843 0.266828
2 0.250463 0.687234 0.154425 0.1432 0.262118
24 0.734033 0.774038 0.0331563 0.0849586 0.251213
