0 0.28254 0.523662 0.334633 0.947067 0.939719
0 0.805868 0.498432 0.386727 0.996864 0.922104
0 0.594167 0.580376 0.199557 0.836498 0.892228
0 0.469769 0.542415 0.188046 0.718041 0.86616
0 0.82679 0.383184 0.0639612 0.215017 0.813077
0 0.702491 0.365756 0.165852 0.338232 0.730063
0 0.70433 0.563049 0.161603 0.746907 0.704844
0 0.77928 0.294757 0.0258635 0.0942175 0.699202
67 0.421202 0.393073 0.0459158 0.0375028 0.65919
0 0.112893 0.407576 0.0802263 0.289226 0.600493
0 0.806466 0.29633 0.0267086 0.0815435 0.594636
3 0.0216387 0.435328 0.0432774 0.0971775 0.546958
67 0.416477 0.40169 0.0558578 0.0558465 0.402468
67 0.6478 0.491621 0.0773867 0.0992013 0.276964
3 0.00863248 0.455639 0.017265 0.0792174 0.274143
0 0.753814 0.286128 0.0164721 0.0565893 0.25301
