0 0.390818 0.491651 0.184371 0.543544 0.877674
2 0.0963306 0.276372 0.191023 0.127882 0.861986
5 0.159844 0.221172 0.319125 0.217766 0.858231
3 0.812297 0.66311 0.373812 0.344202 0.855792
0 0.770893 0.366479 0.211503 0.332699 0.83719
0 0.927075 0.511458 0.144933 0.530945 0.822856
0 0.252632 0.41462 0.164913 0.456847 0.81902
0 0.106268 0.35369 0.107002 0.165189 0.80798
3 0.0460044 0.918799 0.0910212 0.154351 0.74907
3 0.2979 0.552649 0.539467 0.27252 0.734865
3 0.723142 0.484036 0.327576 0.279514 0.683007
0 0.563904 0.225011 0.0304668 0.0362525 0.629837
7 0.61252 0.299013 0.375961 0.214417 0.587251
0 0.532722 0.219345 0.0283949 0.0452225 0.587009
0 0.105485 0.192148 0.0343507 0.0397081 0.541461
2 0.89722 0.228149 0.067202 0.059748 0.484416
0 0.465787 0.220413 0.0361122 0.0447143 0.477199
0 0.24957 0.346 0.160737 0.313929 0.408334
0 0.166319 0.348513 0.0491234 0.156214 0.334706
