0 0.198469 0.842856 0.216653 0.304315 0.887636
0 0.862529 0.360688 0.175398 0.412005 0.86332
0 0.771542 0.701241 0.162801 0.413702 0.860087
0 0.147829 0.241681 0.156583 0.471571 0.820057
0 0.245556 0.252765 0.154552 0.496731 0.788589
0 0.58564 0.751851 0.1972 0.489567 0.785424
0 0.382688 0.349293 0.136992 0.38544 0.746938
60 0.454362 0.63099 0.496513 0.730069 0.722855
0 0.298321 0.615022 0.142455 0.385776 0.721087
0 0.512588 0.337879 0.0832911 0.23364 0.699949
0 0.947921 0.494985 0.103363 0.810104 0.669263
0 0.566493 0.2997 0.0880999 0.146712 0.51155
53 0.437615 0.580759 0.053215 0.0554884 0.496404
0 0.449854 0.427553 0.118603 0.222478 0.494438
0 0.698899 0.128692 0.0728588 0.246442 0.494418
0 0.736141 0.205015 0.0602698 0.165624 0.485964
0 0.720502 0.496294 0.112972 0.27663 0.484012
0 0.567468 0.175459 0.0989664 0.258163 0.473373
0 0.364751 0.141043 0.0746969 0.206527 0.449074
53 0.394171 0.672863 0.0398035 0.0572216 0.429387
0 0.950166 0.672953 0.0985909 0.452368 0.41032
0 0.789043 0.32937 0.0742868 0.216314 0.379499
41 0.580513 0.568159 0.0335174 0.0614828 0.378038
41 0.392734 0.767302 0.0338171 0.0880858 0.340231
41 0.67538 0.375539 0.0184738 0.0425128 0.324332
53 0.436908 0.839753 0.0367032 0.0949291 0.306257
0 0.620161 0.1782 0.0608385 0.247682 0.269809
53 0.549029 0.623486 0.0649898 0.0395876 0.256869
53 0.482689 0.768954 0.0417677 0.0845996 0.250901
