41 0.557297 0.83122 0.132955 0.336716 0.940236
56 0.532652 0.564726 0.267768 0.16608 0.884215
56 0.381498 0.494351 0.19133 0.230858 0.863544
0 0.947997 0.246489 0.103012 0.401923 0.816724
0 0.748512 0.534113 0.501524 0.637001 0.75815
41 0.146678 0.921543 0.186079 0.155498 0.728543
60 0.501285 0.781288 0.997431 0.432893 0.719866
56 0.228147 0.476624 0.0997881 0.228277 0.693872
56 0.108795 0.475661 0.105904 0.242123 0.610385
56 0.605495 0.393694 0.0605913 0.200559 0.570623
56 0.665181 0.448722 0.106421 0.275524 0.517894
53 0.247072 0.77291 0.265623 0.153778 0.517406
43 0.676974 0.949496 0.132074 0.0995964 0.511673
0 0.893795 0.135307 0.102214 0.215029 0.44484
0 0.946473 0.152425 0.105753 0.219974 0.39851
56 0.460064 0.351465 0.0780425 0.0663904 0.347276
0 0.783938 0.164163 0.04029 0.0668398 0.322645
56 0.529385 0.427859 0.124308 0.12041 0.321607
