39 0.77639 0.818577 0.132085 0.249504 0.890703
39 0.421035 0.845935 0.116961 0.306152 0.873859
39 0.305946 0.826614 0.112369 0.310758 0.858168
0 0.866632 0.486019 0.264923 0.57728 0.8092
39 0.565065 0.880342 0.141201 0.224821 0.760147
0 0.389011 0.365847 0.218727 0.201822 0.759676
39 0.051703 0.694486 0.0938149 0.220437 0.733844
60 0.50617 0.722328 0.983854 0.545236 0.648923
0 0.207016 0.434734 0.412719 0.471261 0.575149
0 0.0694374 0.543958 0.138436 0.267791 0.572099
0 0.242359 0.289647 0.139181 0.18569 0.570419
45 0.55816 0.73931 0.392121 0.166522 0.569417
39 0.35308 0.730213 0.071371 0.181218 0.520349
0 0.294632 0.327648 0.111889 0.142711 0.430056
45 0.534417 0.54449 0.24083 0.108091 0.394618
0 0.788589 0.339843 0.146561 0.13854 0.355159
0 0.263973 0.346645 0.202453 0.299923 0.339627
0 0.275232 0.347709 0.0756677 0.104059 0.267167
0 0.751069 0.373557 0.219799 0.207374 0.262676
60 0.500857 0.820815 0.998286 0.355081 0.26091
56 0.593012 0.421258 0.110056 0.0801509 0.255657
