5 0.387964 0.467094 0.471686 0.697037 0.934681
2 0.73995 0.470704 0.286435 0.185717 0.871108
2 0.0186951 0.566247 0.0371904 0.124415 0.831088
2 0.974789 0.440277 0.0495144 0.158933 0.73957
9 0.576873 0.11221 0.0422892 0.168829 0.661656
2 0.055621 0.522046 0.059884 0.14535 0.622813
0 0.844746 0.37912 0.0205826 0.0691218 0.610386
9 0.872719 0.0535344 0.0617764 0.105861 0.597441
0 0.7654 0.360701 0.0223484 0.0434241 0.595239
2 0.0208676 0.493918 0.0416148 0.0783524 0.454841
9 0.0193438 0.370585 0.0121995 0.0488065 0.420143
0 0.862067 0.374606 0.0263931 0.0876471 0.400697
9 0.88299 0.0524684 0.0405642 0.103515 0.354749
2 0.114781 0.521079 0.115137 0.150239 0.298859
9 0.0180162 0.363567 0.0159575 0.0597876 0.28429
0 0.668825 0.377424 0.0161245 0.0278761 0.250063
