2 0.953838 0.640513 0.0916349 0.336375 0.746827
0 0.261225 0.547701 0.131151 0.295409 0.73658
1 0.691686 0.660277 0.0900557 0.33438 0.651065
2 0.831797 0.556814 0.130911 0.17899 0.612879
56 0.358704 0.574329 0.0525554 0.130892 0.607904
56 0.130747 0.657032 0.0996043 0.288722 0.577999
1 0.794562 0.660986 0.151272 0.357657 0.510617
25 0.43416 0.202296 0.32785 0.26532 0.46758
0 0.121708 0.546242 0.0858355 0.303975 0.457708
2 0.903569 0.540036 0.0491821 0.0509526 0.385907
25 0.432578 0.385396 0.33263 0.646045 0.319345
0 0.241435 0.447715 0.0908599 0.0924149 0.297401
60 0.393182 0.564465 0.12766 0.132566 0.278112
2 0.938715 0.528554 0.0307861 0.0440206 0.269817
25 0.521568 0.431736 0.157237 0.306246 0.253129
0 0.226934 0.446992 0.0614373 0.090499 0.250971
