0 0.623853 0.79596 0.0556656 0.187004 0.769652
0 0.291788 0.782706 0.0364012 0.163397 0.752586
0 0.220076 0.796475 0.0457365 0.162629 0.728968
0 0.145148 0.801717 0.0471371 0.190821 0.647532
0 0.846187 0.795058 0.0561115 0.184939 0.628237
0 0.713001 0.779831 0.0261339 0.161514 0.468774
0 0.718854 0.785312 0.0374212 0.175112 0.434956
0 0.878737 0.797106 0.0514713 0.170433 0.430805
0 0.113952 0.794387 0.0349418 0.167885 0.406234
0 0.737707 0.781329 0.0267112 0.165355 0.377342
0 0.737609 0.762924 0.0245168 0.125154 0.283673
0 0.870401 0.801282 0.0350681 0.169198 0.26852
0 0.99223 0.784032 0.0147878 0.173275 0.262814
