0 0.653655 0.603606 0.318166 0.552454 0.953991
0 0.0911658 0.592847 0.181847 0.553485 0.917413
0 0.24929 0.682233 0.313841 0.391236 0.91486
0 0.954981 0.494737 0.0892107 0.472521 0.879001
0 0.902055 0.578231 0.111605 0.330412 0.829221
0 0.750008 0.52095 0.103113 0.423157 0.827683
0 0.459234 0.496397 0.0965223 0.477704 0.820676
0 0.526236 0.580232 0.10666 0.331017 0.800478
0 0.398824 0.580373 0.125695 0.335851 0.760474
0 0.373564 0.372855 0.0898948 0.223446 0.638993
0 0.649011 0.337907 0.0794014 0.147142 0.592036
0 0.55283 0.381768 0.0924099 0.192726 0.493096
0 0.705032 0.362391 0.041197 0.124347 0.47638
35 0.382228 0.695378 0.0481974 0.115896 0.455594
35 0.383083 0.679045 0.0463923 0.0851379 0.336654
0 0.705409 0.451071 0.0459097 0.300195 0.260517
0 0.552806 0.44089 0.0949114 0.316882 0.25044
