2 0.513884 0.888955 0.314506 0.22159 0.909208
0 0.687758 0.858138 0.0625975 0.283264 0.850438
0 0.876969 0.932823 0.0770855 0.13329 0.820069
0 0.812817 0.910207 0.0610588 0.178566 0.806089
0 0.261334 0.861194 0.0711808 0.234345 0.800376
0 0.972813 0.948849 0.0534321 0.101618 0.758837
6 0.537899 0.653043 0.920505 0.226075 0.737918
2 0.108385 0.860136 0.215448 0.278735 0.685005
2 0.342986 0.807571 0.123258 0.13051 0.599484
2 0.352435 0.864512 0.115719 0.116308 0.561466
0 0.636239 0.828994 0.0851159 0.235421 0.508853
2 0.578585 0.771359 0.0585653 0.0354144 0.485898
0 0.358226 0.722736 0.026516 0.0498301 0.356154
0 0.461934 0.85173 0.0534092 0.0669235 0.34625
2 0.773054 0.830434 0.118736 0.165739 0.260754
