2 0.498959 0.559408 0.172805 0.147485 0.897926
2 0.818987 0.542404 0.137963 0.107633 0.884177
2 0.346372 0.556494 0.150363 0.127922 0.859078
2 0.696981 0.540907 0.116824 0.100546 0.839682
2 0.965195 0.542735 0.0688862 0.0744512 0.809428
2 0.119003 0.577481 0.149645 0.203706 0.751161
2 0.89079 0.542139 0.0513096 0.0773693 0.737421
0 0.249552 0.542546 0.0316889 0.145477 0.700524
2 0.103702 0.50055 0.118546 0.10692 0.540357
0 0.41321 0.498075 0.0190628 0.045991 0.502851
2 0.55578 0.51332 0.0566749 0.0769558 0.387534
2 0.179939 0.534694 0.0454346 0.0584882 0.377571
2 0.755581 0.510304 0.0746153 0.0614752 0.333065
2 0.74987 0.508526 0.0581814 0.0526025 0.287977
