0 0.693467 0.801916 0.0577822 0.243532 0.83446
0 0.643623 0.780834 0.0400568 0.202343 0.731659
0 0.541297 0.74779 0.0520655 0.164089 0.683907
0 0.587491 0.759689 0.0384617 0.158443 0.61492
0 0.459976 0.727778 0.0273704 0.0787644 0.602796
0 0.617936 0.811348 0.0322995 0.136122 0.591848
0 0.331326 0.573765 0.0134402 0.0472705 0.578061
0 0.769057 0.848105 0.0520335 0.227898 0.574857
0 0.435893 0.682531 0.0196732 0.0766579 0.517911
1 0.948139 0.856828 0.102727 0.275362 0.503909
0 0.254794 0.525458 0.0110704 0.0317594 0.487973
0 0.865096 0.824923 0.0344381 0.125095 0.391888
0 0.830812 0.870455 0.0626497 0.247989 0.381651
0 0.609001 0.716482 0.0205283 0.0743683 0.342778
0 0.234158 0.504311 0.0114019 0.0333295 0.306313
0 0.435189 0.694849 0.0205046 0.103093 0.301172
0 0.746363 0.834632 0.0341859 0.224765 0.257605
