62 0.154981 0.383829 0.287194 0.38805 0.917417
62 0.47006 0.313103 0.157264 0.271068 0.898397
0 0.809525 0.691407 0.221571 0.614815 0.896151
0 0.948056 0.730375 0.103113 0.536502 0.841486
0 0.652456 0.787607 0.115387 0.424787 0.834024
62 0.773151 0.235984 0.0778524 0.154961 0.77352
62 0.662352 0.260595 0.0990639 0.191754 0.739152
62 0.835505 0.210826 0.0576992 0.102016 0.601376
0 0.944719 0.31615 0.107581 0.280967 0.581704
0 0.91596 0.480362 0.123227 0.358186 0.530253
0 0.883145 0.304993 0.0620644 0.206795 0.453028
67 0.89372 0.390216 0.0208889 0.0363523 0.446079
0 0.565132 0.494267 0.108471 0.451474 0.411424
62 0.987134 0.214276 0.0249359 0.103962 0.295787
0 0.580749 0.489652 0.0782855 0.446184 0.272198
