77 0.91209 0.784099 0.174839 0.408829 0.87195
0 0.105867 0.744194 0.0683193 0.156812 0.716726
0 0.0361574 0.755927 0.0673587 0.158806 0.547837
0 0.0233929 0.608307 0.043392 0.139841 0.514925
0 0.347992 0.657036 0.0474556 0.199395 0.457202
74 0.331115 0.33479 0.0389369 0.0633193 0.433264
0 0.0228441 0.672621 0.0450695 0.269771 0.42933
0 0.213587 0.587274 0.0282549 0.0866563 0.399596
0 0.354459 0.654612 0.0356359 0.18998 0.374857
0 0.148539 0.688709 0.0239884 0.164285 0.361858
77 0.863449 0.527845 0.0740055 0.15379 0.356125
0 0.421586 0.590064 0.0326086 0.124192 0.347243
77 0.701578 0.409255 0.0608627 0.138541 0.280508
0 0.420724 0.646573 0.0357643 0.239493 0.272081
0 0.274272 0.666684 0.026619 0.159227 0.267851
77 0.91468 0.520173 0.072826 0.134307 0.267347
77 0.927494 0.36039 0.0814701 0.136937 0.252646
