0 0.892496 0.596675 0.214832 0.639746 0.946487
0 0.314203 0.572178 0.306674 0.741111 0.916099
0 0.713189 0.671999 0.29033 0.420708 0.913284
35 0.605008 0.681189 0.0717247 0.080075 0.84171
0 0.919651 0.158104 0.123027 0.315938 0.837091
34 0.27798 0.157526 0.12664 0.173594 0.826571
0 0.561981 0.126951 0.105834 0.251933 0.825911
0 0.661914 0.130448 0.120261 0.258995 0.716461
0 0.797176 0.13707 0.130777 0.27414 0.714728
0 0.495557 0.088741 0.102036 0.176181 0.58273
0 0.454081 0.121174 0.0954157 0.236683 0.443378
