32 0.971381 0.692133 0.0297832 0.0333398 0.93224
0 0.330965 0.754503 0.292579 0.489289 0.917776
0 0.634753 0.571347 0.254177 0.688986 0.908771
0 0.96215 0.353283 0.0732458 0.272278 0.853042
0 0.106548 0.412809 0.109623 0.425177 0.847687
35 0.438864 0.73272 0.0810433 0.150927 0.818916
0 0.185799 0.327008 0.0477774 0.115075 0.754308
34 0.589749 0.314771 0.103278 0.294402 0.659535
34 0.569945 0.264167 0.0599968 0.195231 0.45986
2 0.264944 0.245333 0.131693 0.0411097 0.432411
0 0.819479 0.366035 0.0400888 0.217283 0.361798
