2 0.779138 0.451329 0.0787222 0.0448302 0.849698
2 0.413565 0.456166 0.15768 0.0592621 0.808055
2 0.663745 0.405265 0.0316537 0.0199442 0.674993
2 0.731346 0.408083 0.0378387 0.0266352 0.638048
2 0.236202 0.440965 0.0643774 0.0321182 0.618728
2 0.800797 0.410323 0.0466197 0.0271747 0.556368
2 0.0457683 0.473323 0.0915367 0.061199 0.541187
2 0.836743 0.409309 0.0330132 0.020864 0.500281
2 0.110598 0.474251 0.0701741 0.0440966 0.449032
2 0.0729165 0.47239 0.145833 0.0587411 0.400632
2 0.665788 0.402049 0.0340925 0.0255225 0.373325
2 0.886406 0.407923 0.0291954 0.0192554 0.338462
9 0.59696 0.345785 0.0218986 0.0276729 0.275708
9 0.596551 0.351709 0.0213935 0.0394695 0.27244
