0 0.44659 0.474291 0.628278 0.508782 0.876188
41 0.0531258 0.631614 0.10604 0.254647 0.807448
42 0.3226 0.762984 0.354192 0.134122 0.751127
0 0.705091 0.329789 0.367972 0.554803 0.703951
53 0.496089 0.671384 0.317413 0.218497 0.55257
56 0.184218 0.56346 0.198051 0.243626 0.538877
45 0.846821 0.950124 0.304321 0.0989807 0.455515
56 0.184175 0.524778 0.197568 0.165602 0.437614
0 0.70457 0.204136 0.358563 0.301305 0.424131
56 0.718677 0.514256 0.133298 0.121972 0.340658
41 0.846818 0.950018 0.305063 0.0991734 0.328711
