0 0.375366 0.840874 0.0518993 0.227132 0.875854
14 0.353935 0.648428 0.0401084 0.0407784 0.404314
14 0.442952 0.412375 0.0818567 0.0468156 0.375407
14 0.718809 0.334144 0.0634598 0.0689349 0.353511
14 0.782737 0.286587 0.0583109 0.029939 0.351897
14 0.0820129 0.341498 0.0513647 0.0482829 0.331513
14 0.494514 0.477423 0.0631268 0.0389663 0.30222
14 0.182706 0.525497 0.0398831 0.032239 0.293307
14 0.285194 0.565947 0.0385966 0.0511355 0.283637
14 0.647094 0.173669 0.0559128 0.0312155 0.282999
14 0.988815 0.367654 0.0215126 0.0579902 0.272349
14 0.952965 0.358262 0.0254433 0.0370023 0.264589
14 0.324827 0.294157 0.0559306 0.0505899 0.262926
14 0.587464 0.248826 0.0302549 0.0275314 0.256573
