0 0.904401 0.291821 0.190462 0.327419 0.795953
0 0.418887 0.320913 0.393154 0.502761 0.648975
0 0.630139 0.292642 0.203572 0.286946 0.648094
0 0.131154 0.577422 0.261056 0.84155 0.624011
0 0.670229 0.149077 0.213727 0.160617 0.605898
0 0.777739 0.147228 0.125738 0.169147 0.580176
0 0.385067 0.12384 0.0883561 0.0894515 0.490432
0 0.268037 0.160978 0.211605 0.275699 0.476683
0 0.307299 0.601323 0.38936 0.343561 0.465912
0 0.309667 0.711466 0.386533 0.573197 0.465632
0 0.707996 0.446813 0.199981 0.195191 0.433732
0 0.756214 0.329158 0.186845 0.215594 0.369696
0 0.0804787 0.370019 0.160957 0.683083 0.364931
0 0.268164 0.23791 0.211181 0.429926 0.345855
0 0.0855467 0.193757 0.133854 0.247729 0.337851
0 0.785344 0.187654 0.141682 0.252141 0.312026
0 0.593231 0.130711 0.067852 0.0812141 0.304982
27 0.444369 0.290383 0.0912507 0.174093 0.280103
