17 0.669555 0.570825 0.151792 0.305635 0.830289
0 0.265626 0.627878 0.149213 0.307554 0.774917
0 0.323192 0.569461 0.076377 0.188561 0.676126
26 0.19484 0.579165 0.062785 0.111283 0.658345
0 0.509361 0.438638 0.0804546 0.0951085 0.563434
0 0.467791 0.259898 0.0666032 0.160857 0.49447
0 0.381659 0.552005 0.0404941 0.0783963 0.409949
0 0.597441 0.248731 0.0567805 0.065437 0.396424
0 0.915297 0.590749 0.0261582 0.0589609 0.373013
0 0.469542 0.232016 0.0591841 0.10792 0.349209
0 0.549763 0.268996 0.0650913 0.103616 0.315841
0 0.705187 0.290878 0.0564879 0.123548 0.315222
0 0.636039 0.250271 0.0503507 0.057837 0.259945
0 0.649014 0.252925 0.075721 0.0637385 0.259781
