2 0.896782 0.791786 0.204997 0.402872 0.905855
2 0.0661888 0.539939 0.132378 0.21432 0.878543
5 0.0711551 0.395748 0.14148 0.108692 0.820856
7 0.509468 0.519754 0.76526 0.80825 0.812085
0 0.877378 0.445464 0.0223417 0.100801 0.708965
0 0.85596 0.437516 0.0233543 0.081055 0.606474
9 0.878628 0.275668 0.0328169 0.0799729 0.54282
9 0.26938 0.142479 0.0280146 0.081664 0.516717
0 0.930078 0.436064 0.0209177 0.0882863 0.438569
9 0.272913 0.143608 0.0199779 0.0779279 0.408147
0 0.964426 0.463197 0.0216148 0.102546 0.393542
0 0.97786 0.452719 0.0434757 0.135911 0.381381
0 0.981729 0.451354 0.0299324 0.12859 0.326384
5 0.888282 0.373925 0.126472 0.104719 0.311594
9 0.264639 0.140678 0.0316925 0.0755622 0.271383
