2 0.727416 0.710184 0.491383 0.339232 0.791255
0 0.345691 0.727344 0.17861 0.297481 0.691428
9 0.619802 0.504129 0.0434499 0.0721766 0.499325
2 0.95931 0.6676 0.0801892 0.131137 0.463228
2 0.45341 0.626277 0.125682 0.072855 0.450185
9 0.265775 0.482767 0.0428858 0.0619261 0.440146
3 0.339115 0.773796 0.203578 0.226165 0.425712
2 0.359153 0.734025 0.267014 0.286932 0.418449
3 0.358298 0.795695 0.154928 0.18157 0.400655
2 0.452253 0.722983 0.104673 0.222801 0.346681
3 0.98132 0.757918 0.036354 0.14371 0.323407
2 0.272858 0.708554 0.101842 0.183697 0.317781
0 0.684877 0.613572 0.113077 0.0759321 0.300434
