0 0.463327 0.410063 0.16123 0.587745 0.920427
0 0.583153 0.46288 0.176936 0.574801 0.910321
62 0.0535953 0.106645 0.106395 0.203541 0.908086
0 0.827286 0.545013 0.172055 0.781977 0.893965
0 0.541147 0.440041 0.22103 0.587092 0.867067
0 0.701367 0.424268 0.14863 0.706065 0.865119
53 0.307688 0.892376 0.211574 0.16911 0.782447
53 0.486187 0.957559 0.142738 0.0848821 0.699429
53 0.11493 0.818331 0.119495 0.0767637 0.587055
56 0.312352 0.447152 0.0864966 0.194005 0.550732
56 0.249919 0.454319 0.0672856 0.15894 0.491911
53 0.0419691 0.712566 0.0831033 0.0806479 0.477723
53 0.203268 0.781785 0.0665444 0.0555069 0.443603
56 0.182315 0.409672 0.0631763 0.0787874 0.432725
62 0.977804 0.402879 0.0433578 0.105723 0.428147
43 0.66682 0.886951 0.0783556 0.112694 0.424739
56 0.31947 0.471575 0.0819836 0.241391 0.410125
60 0.428217 0.77722 0.856433 0.427927 0.355153
56 0.330469 0.375629 0.0507293 0.0494264 0.300189
40 0.469237 0.485049 0.0293659 0.104412 0.286938
62 0.95301 0.406411 0.093388 0.138663 0.275347
60 0.12004 0.505862 0.236639 0.13996 0.271585
56 0.360208 0.387128 0.0296978 0.0224283 0.261121
