0 0.5538 0.560243 0.280623 0.511905 0.884657
0 0.67997 0.523497 0.133776 0.139683 0.807279
0 0.740436 0.447588 0.117806 0.0752012 0.593703
0 0.909077 0.45143 0.126808 0.108575 0.504781
0 0.151754 0.180471 0.0957369 0.0927445 0.45302
56 0.815607 0.472201 0.0799583 0.031767 0.453002
0 0.734267 0.401783 0.0935245 0.0781658 0.415819
0 0.8209 0.405521 0.0830918 0.0694975 0.345976
0 0.511927 0.448216 0.062924 0.0657774 0.342726
0 0.570236 0.353525 0.0860192 0.0901206 0.317598
0 0.825902 0.360025 0.0800615 0.0779136 0.280851
56 0.811233 0.447954 0.0748499 0.0207636 0.258882
0 0.0397292 0.1994 0.0793925 0.0632135 0.255038
