0 0.325419 0.540416 0.202699 0.742303 0.928818
0 0.456618 0.238104 0.127839 0.475105 0.887831
0 0.59473 0.216864 0.144032 0.430726 0.872117
27 0.305851 0.444371 0.0363956 0.160211 0.850833
0 0.726733 0.262244 0.140197 0.521875 0.802086
0 0.90422 0.0927466 0.155257 0.185493 0.732951
0 0.811486 0.176629 0.10201 0.353258 0.699007
0 0.0356469 0.843397 0.0707844 0.3082 0.620014
60 0.8919 0.451968 0.215391 0.561966 0.437402
56 0.891628 0.456122 0.215635 0.558764 0.425509
28 0.418813 0.740877 0.103092 0.399913 0.366882
0 0.0438566 0.112349 0.066314 0.221181 0.26194
