0 0.644993 0.686081 0.108303 0.416231 0.913261
5 0.313898 0.530479 0.624326 0.689766 0.890351
0 0.869531 0.637004 0.0691521 0.298342 0.831281
0 0.721289 0.642861 0.0507954 0.247085 0.801449
0 0.968614 0.59034 0.0301983 0.128981 0.790374
0 0.942252 0.601302 0.02542 0.12571 0.759822
0 0.916712 0.602243 0.0274288 0.118082 0.68231
0 0.993907 0.602611 0.0112635 0.102229 0.544289
0 0.491356 0.553191 0.0232517 0.0777459 0.541256
26 0.843521 0.661619 0.0306255 0.0878134 0.492498
0 0.693438 0.634404 0.0357107 0.240755 0.370923
