0 0.453228 0.270792 0.10119 0.252827 0.891798
26 0.0640629 0.335161 0.128126 0.207074 0.877359
0 0.338648 0.289725 0.130382 0.307767 0.858795
0 0.0582969 0.397981 0.116594 0.479566 0.856083
0 0.752349 0.50187 0.283791 0.842471 0.838645
28 0.524154 0.339906 0.110381 0.132865 0.800376
24 0.476193 0.562849 0.245217 0.251557 0.665876
28 0.464261 0.796248 0.266814 0.389848 0.538079
26 0.25636 0.27888 0.0443568 0.0878097 0.341244
28 0.229351 0.417231 0.154226 0.0882479 0.298846
26 0.258105 0.264206 0.0465193 0.119224 0.292829
24 0.229539 0.417288 0.153616 0.0899233 0.283258
26 0.263354 0.251667 0.0596478 0.138137 0.257253
28 0.469642 0.718741 0.275875 0.547979 0.256811
