11 0.515375 0.526402 0.211263 0.320092 0.948422
2 0.663465 0.691101 0.265674 0.135656 0.892763
2 0.241828 0.623296 0.121863 0.0868563 0.849232
2 0.17958 0.645003 0.0740558 0.0756433 0.798132
2 0.37201 0.615419 0.10355 0.0639385 0.689915
2 0.0969525 0.644598 0.112042 0.0975206 0.631399
2 0.973172 0.672013 0.0526798 0.152003 0.567017
2 0.0424681 0.659074 0.0836012 0.113876 0.527319
2 0.680525 0.621362 0.176353 0.0962616 0.488195
2 0.313821 0.623195 0.0426783 0.0656411 0.330178
2 0.0573171 0.654891 0.0649878 0.102011 0.289316
2 0.316458 0.622735 0.038935 0.0509271 0.270645
