5 0.826736 0.292289 0.345334 0.380474 0.934569
2 0.145114 0.369243 0.27455 0.121484 0.925961
0 0.554795 0.364868 0.0685964 0.117073 0.791698
0 0.67859 0.371816 0.0516006 0.119986 0.766917
0 0.42127 0.357478 0.0553383 0.114704 0.751451
0 0.624912 0.372681 0.0462535 0.115862 0.737118
0 0.346125 0.346824 0.0461006 0.0979175 0.683988
0 0.378003 0.339333 0.0338006 0.0840396 0.564133
0 0.453805 0.342553 0.0392564 0.096633 0.535404
0 0.0391511 0.316634 0.0342761 0.0504215 0.520436
0 0.0945871 0.30066 0.0276477 0.0272214 0.296165
