0 0.416168 0.658771 0.191873 0.607534 0.902251
13 0.626681 0.55679 0.235962 0.102248 0.869333
0 0.115617 0.547668 0.119958 0.340519 0.814713
0 0.746737 0.464211 0.0442974 0.137953 0.771985
0 0.0357979 0.545864 0.0714421 0.351144 0.686675
0 0.786717 0.465943 0.0403675 0.13604 0.650857
0 0.932723 0.458339 0.0259344 0.0776098 0.580416
0 0.318473 0.462211 0.0414001 0.136891 0.567117
0 0.649818 0.495726 0.0551067 0.0501289 0.557072
0 0.664759 0.447802 0.035356 0.0924333 0.511841
0 0.485246 0.435942 0.0355717 0.100783 0.454394
0 0.628167 0.446812 0.0355941 0.104471 0.444671
0 0.711424 0.447195 0.0281977 0.0790731 0.407907
1 0.213043 0.614262 0.127497 0.129452 0.402469
0 0.5106 0.434961 0.0323356 0.0836353 0.379074
13 0.178872 0.497172 0.0626335 0.0648431 0.349344
0 0.0447075 0.448997 0.0503095 0.12448 0.324095
13 0.200176 0.496501 0.106777 0.0658646 0.291826
0 0.0183526 0.558305 0.0363523 0.315181 0.252509
