16 0.242973 0.754937 0.240934 0.359971 0.946324
2 0.0971959 0.468412 0.193793 0.241899 0.864198
0 0.81653 0.585488 0.206349 0.698851 0.86269
0 0.569146 0.595288 0.239539 0.667643 0.850502
2 0.936687 0.365758 0.0513546 0.0629865 0.682571
24 0.563683 0.531751 0.114875 0.172201 0.630437
7 0.369793 0.31646 0.294453 0.190144 0.494538
1 0.597197 0.708318 0.217352 0.445214 0.493577
1 0.836272 0.716969 0.182253 0.442734 0.442639
2 0.0200198 0.371676 0.0396381 0.0662595 0.424789
1 0.563801 0.768322 0.100398 0.319703 0.313679
0 0.661944 0.52694 0.106671 0.569232 0.311967
0 0.662492 0.365397 0.106617 0.245235 0.298114
2 0.010357 0.357141 0.0207139 0.0370829 0.261023
26 0.863618 0.483909 0.073192 0.280591 0.250918
