0 0.834249 0.548378 0.253273 0.877175 0.943021
0 0.136974 0.567778 0.264309 0.845574 0.939185
0 0.610493 0.542295 0.229182 0.894837 0.933147
0 0.380796 0.542134 0.244812 0.889428 0.922898
27 0.397623 0.31635 0.0204374 0.0920923 0.869678
27 0.15328 0.430835 0.0334328 0.179547 0.604698
27 0.591322 0.316493 0.0257492 0.0805635 0.601467
73 0.553528 0.433182 0.08364 0.0896398 0.557319
27 0.798406 0.29826 0.0149485 0.0439414 0.373445
73 0.398957 0.495003 0.0874663 0.0886065 0.329555
63 0.398259 0.49378 0.0921482 0.0896634 0.293986
