36 0.301823 0.697831 0.181073 0.340328 0.932432
0 0.815959 0.515459 0.110944 0.419172 0.900625
0 0.319245 0.343858 0.318299 0.623752 0.90047
0 0.724592 0.509392 0.0753718 0.310365 0.865325
0 0.044143 0.50865 0.0530042 0.312962 0.794246
2 0.874989 0.465218 0.0546438 0.0663356 0.778029
2 0.919128 0.475255 0.0373066 0.0545497 0.739466
0 0.639912 0.511446 0.0439723 0.31081 0.706677
9 0.748469 0.191883 0.0459219 0.0770291 0.675515
2 0.498888 0.509531 0.182804 0.157912 0.673926
0 0.594304 0.501989 0.0602856 0.329289 0.629881
0 0.372261 0.472033 0.0303261 0.0714964 0.612872
0 0.410549 0.472108 0.0263681 0.0975743 0.605341
0 0.145169 0.384138 0.0426107 0.0528809 0.598786
24 0.734539 0.466843 0.0452362 0.12054 0.586643
9 0.818222 0.194696 0.0572899 0.0745537 0.544455
2 0.550216 0.505341 0.286161 0.16713 0.529162
0 0.214498 0.508254 0.0686584 0.306608 0.462093
2 0.973609 0.471286 0.0332977 0.0493677 0.438507
2 0.222125 0.529907 0.444249 0.240013 0.432245
2 0.115768 0.533314 0.230181 0.243176 0.424191
0 0.993964 0.52253 0.0114006 0.109058 0.350571
0 0.241192 0.51005 0.121943 0.307357 0.342216
2 0.971079 0.472425 0.023645 0.0466691 0.335169
2 0.542958 0.416158 0.059976 0.0451902 0.28452
0 0.988812 0.59567 0.0215183 0.245778 0.2803
26 0.0627077 0.44859 0.0259894 0.0858659 0.272716
2 0.942207 0.465719 0.0189777 0.0340615 0.258266
