19 0.694354 0.646575 0.118854 0.325281 0.942874
19 0.394591 0.598569 0.0964318 0.243935 0.916514
19 0.561766 0.644203 0.131345 0.349942 0.916313
19 0.273603 0.603018 0.0998553 0.297399 0.898231
19 0.145164 0.601671 0.123595 0.305982 0.857021
5 0.201403 0.423693 0.400529 0.214462 0.822844
0 0.893957 0.54004 0.109421 0.271991 0.812272
2 0.412188 0.57488 0.188726 0.234421 0.666475
19 0.214063 0.590375 0.0570166 0.295424 0.663108
1 0.87467 0.656064 0.173719 0.274977 0.662176
0 0.853496 0.505378 0.0549549 0.196491 0.637688
2 0.465966 0.451223 0.0551615 0.104948 0.555005
7 0.655423 0.48265 0.333037 0.475439 0.523981
0 0.632704 0.410455 0.0836584 0.133713 0.384214
0 0.621729 0.400302 0.0602301 0.107789 0.263109
