0 0.383836 0.757585 0.070932 0.120791 0.876356
0 0.886754 0.728317 0.040015 0.128001 0.808787
0 0.664564 0.738182 0.0332457 0.137574 0.786479
33 0.320823 0.557852 0.0481469 0.0446294 0.780406
37 0.386599 0.80817 0.137791 0.0396058 0.635627
33 0.0408319 0.731513 0.0782453 0.0524255 0.524052
33 0.496789 0.357156 0.0197351 0.0133025 0.469617
33 0.266154 0.606568 0.0300972 0.0479753 0.371124
0 0.762977 0.664471 0.0103535 0.0359751 0.361176
37 0.890499 0.779324 0.164659 0.0408488 0.351805
0 0.26842 0.681249 0.0187392 0.0546958 0.275403
