0 0.242175 0.637753 0.105566 0.308817 0.881715
0 0.0524705 0.686315 0.104176 0.346723 0.879838
0 0.419166 0.628116 0.0950699 0.291764 0.875732
9 0.130483 0.276098 0.0406384 0.14944 0.854909
9 0.838396 0.246308 0.0480999 0.159758 0.837799
1 0.949707 0.659778 0.0996859 0.151112 0.820585
2 0.34974 0.600989 0.080902 0.107681 0.788002
0 0.976006 0.609242 0.0473187 0.239862 0.754131
0 0.648971 0.637551 0.117161 0.324958 0.752317
3 0.426975 0.691559 0.0734185 0.188429 0.666202
1 0.75192 0.668644 0.0472151 0.16951 0.588616
0 0.514571 0.566533 0.0210485 0.0779825 0.562817
0 0.59108 0.621867 0.0640322 0.249423 0.528642
1 0.253536 0.695859 0.0616703 0.211679 0.514521
0 0.743804 0.604112 0.0750936 0.220329 0.493632
9 0.864595 0.328101 0.0334888 0.113448 0.474795
3 0.655769 0.718245 0.077401 0.209109 0.368395
0 0.753642 0.613461 0.0471517 0.215527 0.367705
0 0.729119 0.580276 0.0507658 0.173256 0.364614
3 0.641963 0.706038 0.127743 0.231573 0.346991
0 0.56562 0.583447 0.0194519 0.108064 0.34047
