1 0.324475 0.816057 0.165824 0.206564 0.917646
1 0.688668 0.79646 0.120844 0.174141 0.901744
0 0.689702 0.706072 0.116704 0.219297 0.880876
0 0.327398 0.741947 0.115731 0.288076 0.869045
2 0.486017 0.763021 0.303421 0.259143 0.828248
2 0.929191 0.663464 0.0785347 0.0928644 0.810202
7 0.529453 0.63099 0.242668 0.168924 0.639829
9 0.339922 0.482612 0.040074 0.125217 0.634332
9 0.429754 0.547662 0.0289932 0.0564906 0.581167
7 0.137665 0.775518 0.275125 0.22202 0.49464
9 0.383268 0.504414 0.0348701 0.0746844 0.484999
2 0.370676 0.762131 0.535004 0.261619 0.348659
