2 0.333075 0.814846 0.372497 0.366785 0.919336
2 0.275785 0.557548 0.129004 0.141514 0.868167
2 0.0297202 0.655126 0.0592876 0.175432 0.857296
2 0.43974 0.549118 0.117667 0.13074 0.856467
9 0.821287 0.369479 0.164575 0.655622 0.798631
2 0.987685 0.490222 0.0238552 0.0836503 0.780207
0 0.385443 0.497374 0.0195482 0.104738 0.741326
2 0.934481 0.466686 0.0564553 0.0698208 0.641091
9 0.671323 0.306876 0.142638 0.333584 0.61235
0 0.352184 0.493861 0.0185772 0.0963203 0.501175
2 0.0063558 0.779069 0.0126202 0.130037 0.335208
9 0.923981 0.15428 0.0154644 0.0555998 0.254367
