2 0.421781 0.51424 0.130189 0.134302 0.873951
2 0.0993482 0.674628 0.139017 0.139829 0.873355
2 0.08667 0.516838 0.132033 0.138482 0.867899
2 0.640097 0.685318 0.1461 0.144079 0.846259
2 0.160331 0.435246 0.143608 0.141443 0.834992
2 0.582611 0.51598 0.145122 0.134379 0.826317
2 0.280778 0.414262 0.150581 0.137379 0.823608
2 0.243469 0.644993 0.15248 0.137455 0.820576
2 0.630516 0.946585 0.156862 0.10683 0.816142
2 0.809055 0.799176 0.144994 0.169365 0.807674
2 0.923969 0.913789 0.149625 0.162024 0.799026
2 0.253615 0.517772 0.124116 0.131199 0.794407
2 0.238871 0.768018 0.156699 0.154892 0.790653
2 0.91333 0.520167 0.148571 0.125343 0.790358
2 0.368511 0.352309 0.135405 0.128421 0.787134
2 0.387702 0.757071 0.136087 0.154034 0.783067
2 0.598602 0.791209 0.158723 0.156864 0.778029
2 0.571932 0.272275 0.136168 0.111696 0.773696
2 0.861001 0.723812 0.152209 0.147035 0.770861
2 0.135868 0.301182 0.129717 0.128852 0.767024
2 0.352333 0.593596 0.126606 0.139588 0.760844
2 0.459773 0.68092 0.15186 0.148569 0.758789
2 0.626652 0.399147 0.140358 0.123943 0.75613
2 0.481317 0.438199 0.137618 0.134284 0.737669
2 0.707751 0.882418 0.164835 0.156909 0.737174
2 0.050432 0.34557 0.100634 0.13034 0.736278
2 0.0339071 0.591526 0.0678142 0.119074 0.729707
2 0.353355 0.866249 0.153708 0.159104 0.717639
2 0.148998 0.188401 0.120544 0.115225 0.709071
2 0.732439 0.474307 0.142953 0.10256 0.705327
2 0.49133 0.319172 0.12329 0.114263 0.70244
2 0.25508 0.277704 0.135192 0.127003 0.688853
2 0.540568 0.599368 0.148405 0.145522 0.667132
2 0.669385 0.23232 0.142624 0.113494 0.665325
2 0.829247 0.95541 0.164019 0.086713 0.662386
2 0.824805 0.569975 0.124549 0.11457 0.652854
2 0.505864 0.869615 0.168922 0.164034 0.637561
2 0.735038 0.608517 0.164904 0.197799 0.637527
2 0.945107 0.661654 0.109785 0.121689 0.636405
2 0.44309 0.954705 0.170646 0.0897134 0.634883
2 0.736873 0.169324 0.138391 0.111148 0.626638
2 0.464639 0.0877228 0.127712 0.107606 0.625266
2 0.405617 0.252185 0.140748 0.11924 0.6087
2 0.615127 0.0871561 0.139146 0.110307 0.607673
2 0.808404 0.420433 0.141504 0.121664 0.60431
2 0.90906 0.401926 0.126185 0.111218 0.549221
2 0.922567 0.315662 0.129188 0.11309 0.543759
2 0.191019 0.0934467 0.118453 0.107651 0.501443
2 0.279779 0.156863 0.121133 0.110431 0.501394
2 0.972349 0.839876 0.0542096 0.131865 0.498472
2 0.560868 0.158653 0.124648 0.110264 0.488348
2 0.389582 0.145843 0.129011 0.113517 0.43397
2 0.0305959 0.426204 0.0609363 0.118731 0.407233
2 0.976749 0.463404 0.045776 0.0916599 0.347478
2 0.297211 0.0632161 0.119347 0.107148 0.315907
2 0.47703 0.199631 0.119446 0.103131 0.305181
2 0.703825 0.341105 0.143966 0.133402 0.277722
2 0.361407 0.0340762 0.11237 0.0657932 0.270688
