2 0.333279 0.843038 0.121547 0.14122 0.900623
2 0.140292 0.837242 0.124223 0.130718 0.852873
2 0.566673 0.806326 0.126833 0.0805847 0.805976
2 0.22171 0.825173 0.0898861 0.107125 0.782609
2 0.386763 0.820488 0.0983737 0.150475 0.755811
2 0.447461 0.828531 0.0547556 0.10472 0.716855
2 0.463496 0.80428 0.057783 0.089127 0.551028
2 0.463768 0.699092 0.0444099 0.0703988 0.538714
7 0.284999 0.705525 0.0539403 0.0967374 0.532057
2 0.309985 0.763581 0.0620617 0.0632833 0.520946
2 0.263391 0.815676 0.0569098 0.0892284 0.468808
2 0.388625 0.624568 0.0448631 0.0717024 0.467308
9 0.364712 0.55175 0.0158078 0.0714823 0.393857
9 0.364312 0.530585 0.0125957 0.0320755 0.316944
9 0.364045 0.541459 0.0129622 0.0522158 0.3125
2 0.158653 0.740623 0.0524459 0.0473101 0.288646
9 0.0854557 0.539823 0.0198304 0.0762032 0.278885
2 0.33896 0.732972 0.04347 0.042612 0.277385
2 0.313689 0.753748 0.0579253 0.0463613 0.268803
2 0.22376 0.746652 0.0413754 0.0444064 0.264963
