0 0.655068 0.502325 0.111264 0.243985 0.906235
0 0.829571 0.517612 0.110318 0.361957 0.887207
0 0.172286 0.462538 0.185871 0.422138 0.88175
0 0.353404 0.472225 0.124993 0.317409 0.870934
0 0.259099 0.470482 0.110055 0.329154 0.799436
0 0.507193 0.507717 0.0362579 0.0951471 0.744836
37 0.388262 0.631375 0.29346 0.0486811 0.572217
37 0.653405 0.634377 0.0891851 0.039385 0.490021
37 0.23781 0.644967 0.436741 0.0600807 0.475207
0 0.577186 0.524919 0.0221764 0.0540965 0.337822
37 0.282825 0.638125 0.513675 0.0518202 0.299211
