11 0.515377 0.526424 0.211096 0.320268 0.94997
2 0.663557 0.690901 0.264903 0.136303 0.88532
2 0.242218 0.623437 0.121702 0.0871447 0.845811
2 0.17968 0.644965 0.0749303 0.0762432 0.786391
2 0.37163 0.615414 0.103812 0.063993 0.650656
2 0.097942 0.6443 0.110538 0.0968292 0.614814
2 0.973086 0.672207 0.0528656 0.151998 0.557805
2 0.680888 0.621032 0.174632 0.095928 0.503929
2 0.0403752 0.659683 0.0794474 0.114627 0.452717
2 0.315216 0.623813 0.0413423 0.0649895 0.327801
2 0.0582285 0.655256 0.0664135 0.102372 0.305023
7 0.0454687 0.659664 0.0905605 0.116338 0.282099
