0 0.447751 0.559349 0.12218 0.363677 0.91941
28 0.428792 0.858351 0.111123 0.282815 0.911546
0 0.567926 0.571359 0.138847 0.345608 0.901646
28 0.70361 0.893262 0.120702 0.211751 0.874882
28 0.786985 0.919797 0.0904395 0.159205 0.85234
28 0.349655 0.884411 0.0643163 0.218215 0.819448
28 0.544438 0.854301 0.138641 0.288584 0.797858
2 0.839586 0.491437 0.136456 0.0744847 0.529122
28 0.357793 0.725148 0.0940565 0.123989 0.477483
2 0.365993 0.482014 0.0758345 0.0544069 0.445898
2 0.331338 0.483361 0.0490083 0.0542695 0.370705
28 0.601689 0.929245 0.0841193 0.140555 0.328846
28 0.632819 0.861932 0.157869 0.272843 0.298469
