0 0.140467 0.470665 0.0924851 0.229811 0.86668
3 0.472558 0.631663 0.35386 0.407622 0.856072
0 0.0691524 0.458969 0.0546073 0.257576 0.840377
0 0.927682 0.465469 0.0739845 0.157296 0.81274
0 0.29133 0.461603 0.0261292 0.0878093 0.794849
0 0.831633 0.390898 0.0740105 0.121953 0.720299
0 0.406604 0.402654 0.0657406 0.11741 0.703096
0 0.532146 0.536571 0.165201 0.482433 0.702086
0 0.326472 0.458353 0.0202545 0.087794 0.659714
2 0.0281875 0.578436 0.056375 0.221242 0.638348
0 0.437916 0.560342 0.189659 0.539929 0.62496
0 0.498406 0.552534 0.230613 0.522759 0.562458
0 0.587072 0.346988 0.0308012 0.0822447 0.317272
0 0.476343 0.4141 0.111805 0.246814 0.27532
