0 0.490477 0.562203 0.0411421 0.176827 0.766233
0 0.39658 0.520569 0.0378783 0.159588 0.738073
0 0.824184 0.555662 0.0389599 0.176298 0.722419
24 0.759694 0.542251 0.0332279 0.0648652 0.704534
0 0.730363 0.557648 0.040442 0.170498 0.654613
8 0.202944 0.494633 0.278186 0.117962 0.650034
0 0.675821 0.505126 0.0408184 0.0929675 0.647391
8 0.613498 0.257851 0.207089 0.0374507 0.610706
0 0.294877 0.525521 0.0261254 0.120269 0.574187
0 0.675444 0.55834 0.043014 0.202462 0.494776
0 0.628242 0.501738 0.0419831 0.102467 0.382446
0 0.835403 0.55484 0.0339722 0.177116 0.367821
0 0.668581 0.603523 0.05009 0.135659 0.362652
8 0.0369622 0.260961 0.0735601 0.0385221 0.352878
8 0.81555 0.224105 0.0711241 0.040263 0.337098
0 0.5412 0.503852 0.0396372 0.0602779 0.336375
28 0.606469 0.644152 0.0232365 0.0528498 0.332934
0 0.865128 0.226415 0.0110321 0.0331222 0.330059
0 0.627536 0.581371 0.0376593 0.0880595 0.294381
