0 0.422942 0.541808 0.532233 0.507982 0.86137
0 0.908713 0.238252 0.182574 0.193334 0.764508
32 0.0237291 0.233481 0.0470942 0.0400678 0.750405
0 0.796619 0.248902 0.145702 0.182444 0.654977
0 0.643829 0.173296 0.136584 0.192187 0.544858
0 0.745478 0.0729029 0.126583 0.145806 0.521929
0 0.632447 0.067218 0.109792 0.134436 0.503898
0 0.286081 0.244228 0.107319 0.147023 0.454312
0 0.520563 0.0526741 0.129301 0.105121 0.444888
0 0.399827 0.253455 0.149193 0.179549 0.399631
0 0.579837 0.404469 0.125651 0.172265 0.340628
