1 0.527282 0.666261 0.711913 0.638426 0.890501
8 0.686536 0.349169 0.263284 0.113376 0.729528
8 0.50186 0.313475 0.104483 0.0555183 0.716106
1 0.261391 0.766881 0.520844 0.423258 0.654034
2 0.0286735 0.391846 0.056195 0.101147 0.467543
2 0.175504 0.312933 0.0323995 0.0337576 0.44394
8 0.904459 0.370017 0.190283 0.109792 0.410878
2 0.0921394 0.369862 0.0300593 0.0517073 0.399665
8 0.769946 0.370351 0.0952517 0.0763554 0.381806
8 0.423911 0.29965 0.0598355 0.034539 0.378208
2 0.00842616 0.44566 0.0168523 0.0378872 0.365314
2 0.101769 0.349565 0.0907477 0.0723445 0.359294
2 0.0253956 0.380042 0.0506369 0.0771047 0.326197
2 0.306159 0.338761 0.0497753 0.034541 0.31058
8 0.575578 0.354659 0.0521571 0.0331226 0.281109
2 0.0897641 0.344912 0.0770925 0.0651245 0.263457
