0 0.325915 0.757928 0.0714367 0.294914 0.803237
1 0.111901 0.825026 0.173354 0.155226 0.781385
0 0.119089 0.73866 0.0999368 0.174561 0.759943
2 0.755215 0.704957 0.215423 0.153184 0.693775
0 0.988873 0.706501 0.0215237 0.118921 0.683772
0 0.175898 0.705008 0.0450463 0.193012 0.640049
0 0.942877 0.709855 0.0202778 0.111911 0.566037
0 0.962732 0.709944 0.0199186 0.114231 0.559491
0 0.251456 0.709681 0.0361999 0.151828 0.526573
0 0.369366 0.729104 0.0410993 0.219429 0.440182
0 0.45505 0.694397 0.0292629 0.131822 0.406853
2 0.888393 0.711127 0.0766289 0.0877749 0.394551
2 0.867578 0.711173 0.0892944 0.0876038 0.373705
0 0.610142 0.690116 0.0445858 0.136251 0.348763
5 0.362086 0.664681 0.671934 0.339306 0.327033
0 0.225033 0.704028 0.0351884 0.154008 0.315874
0 0.298439 0.734687 0.0259468 0.187776 0.303949
