39 0.343554 0.64898 0.145431 0.412214 0.806032
0 0.718921 0.103871 0.0810068 0.207491 0.675961
0 0.587967 0.533389 0.378789 0.921093 0.663366
0 0.829318 0.142758 0.146975 0.285517 0.588749
0 0.919064 0.133575 0.1609 0.266362 0.567723
0 0.705857 0.548785 0.585994 0.895014 0.490716
52 0.448211 0.969141 0.105044 0.0607264 0.472656
60 0.308485 0.845026 0.614877 0.307663 0.45335
56 0.864498 0.389444 0.270214 0.274026 0.436848
0 0.396944 0.537786 0.747418 0.91946 0.409023
24 0.280615 0.374141 0.504254 0.721208 0.319318
56 0.0496321 0.0745511 0.0990238 0.148609 0.285921
