0 0.336045 0.824451 0.148416 0.347241 0.889699
77 0.47565 0.643201 0.195627 0.370713 0.841315
1 0.700933 0.796568 0.495995 0.397133 0.833348
0 0.314099 0.526432 0.138126 0.433712 0.815727
0 0.0308659 0.838356 0.0612409 0.311739 0.807235
41 0.209088 0.584783 0.0598021 0.126038 0.783746
0 0.599023 0.47575 0.0694508 0.196174 0.762549
0 0.710299 0.656709 0.208272 0.648545 0.740626
2 0.166513 0.427995 0.0343337 0.0351772 0.620598
0 0.17492 0.869713 0.235769 0.25641 0.61774
0 0.525576 0.676648 0.265529 0.634867 0.573462
3 0.965042 0.50183 0.0653252 0.060455 0.411556
2 0.964397 0.50039 0.0630344 0.0611262 0.404828
0 0.0784474 0.427204 0.0155216 0.049261 0.3084
2 0.0522859 0.432379 0.0331128 0.046453 0.27586
