2 0.832097 0.88332 0.334309 0.22979 0.85621
0 0.0830052 0.812179 0.165635 0.365764 0.855305
3 0.137149 0.881978 0.274299 0.22748 0.840427
3 0.547873 0.891402 0.284138 0.212607 0.83545
0 0.846249 0.787652 0.138717 0.272934 0.799488
0 0.732366 0.795062 0.118848 0.300443 0.788946
0 0.551372 0.833845 0.120487 0.32272 0.773408
0 0.46652 0.83325 0.081619 0.296665 0.621213
2 0.962088 0.745104 0.0748119 0.154752 0.584743
0 0.205431 0.664253 0.0226181 0.0560306 0.518861
0 0.430429 0.703363 0.0291594 0.100739 0.457504
2 0.38802 0.699136 0.0470268 0.074886 0.436392
0 0.428378 0.715497 0.0352179 0.126537 0.360979
0 0.452469 0.692064 0.0209578 0.0804927 0.352384
0 0.179994 0.662826 0.0219253 0.0636528 0.345071
0 0.497462 0.708213 0.0400818 0.122485 0.313458
0 0.4124 0.702166 0.0191919 0.0901742 0.302274
2 0.092712 0.709668 0.185331 0.165021 0.297249
1 0.411932 0.799303 0.0491393 0.119405 0.266848
2 0.384581 0.69006 0.0518672 0.0957989 0.255323
