2 0.598392 0.72941 0.205038 0.219115 0.909804
0 0.0333521 0.676961 0.0522419 0.160913 0.876518
0 0.17702 0.681918 0.121933 0.421801 0.856888
2 0.83186 0.649985 0.0453753 0.0418633 0.810873
3 0.0986927 0.743177 0.0753605 0.207309 0.758228
2 0.761131 0.678781 0.078487 0.0933016 0.746001
2 0.379084 0.709232 0.251412 0.31593 0.688251
1 0.169122 0.854204 0.0712527 0.216429 0.49813
2 0.974278 0.640684 0.0394266 0.0404368 0.44286
0 0.271674 0.618006 0.048621 0.165897 0.431883
2 0.635222 0.632911 0.104026 0.0722635 0.396268
0 0.932896 0.644581 0.0136354 0.046255 0.287592
9 0.617317 0.546139 0.0176906 0.0718966 0.283612
0 0.271419 0.65457 0.0499112 0.241659 0.279917
2 0.643917 0.680269 0.127095 0.161584 0.252203
