3 0.427135 0.545757 0.77965 0.807894 0.896788
3 0.766383 0.384894 0.461487 0.384563 0.826243
0 0.325839 0.154716 0.164377 0.282741 0.7501
0 0.170222 0.270305 0.0234402 0.0476981 0.634
0 0.0563545 0.291939 0.0227222 0.0720822 0.528882
0 0.253876 0.272602 0.0276464 0.0665339 0.4503
0 0.112071 0.299362 0.0231639 0.064268 0.413617
0 0.145278 0.278447 0.0262367 0.045851 0.403307
3 0.0255623 0.315196 0.0511245 0.0707067 0.363526
0 0.144268 0.28701 0.0262404 0.0654657 0.315535
0 0.194829 0.282018 0.0206448 0.0296957 0.250277
