5 0.87214 0.450946 0.252424 0.226549 0.912108
2 0.825587 0.757645 0.346451 0.464518 0.846072
0 0.744031 0.520528 0.0314413 0.125986 0.747307
0 0.081508 0.481444 0.0204083 0.0870057 0.690965
3 0.631405 0.554327 0.107307 0.113755 0.632806
2 0.308447 0.840488 0.234093 0.308151 0.587513
0 0.649409 0.485052 0.0369202 0.0851543 0.586986
2 0.237549 0.468042 0.0439437 0.0281751 0.55093
3 0.475544 0.552594 0.131198 0.152036 0.537848
7 0.158007 0.744219 0.314974 0.479528 0.500351
0 0.703385 0.491367 0.0198435 0.0818733 0.490423
0 0.606527 0.477249 0.0359784 0.0844688 0.413401
2 0.157625 0.744746 0.314557 0.480823 0.374039
0 0.672853 0.479124 0.019874 0.070014 0.322232
0 0.71946 0.493468 0.0170972 0.0837249 0.31373
0 0.614403 0.479569 0.0239964 0.0807272 0.278964
0 0.365951 0.511285 0.019318 0.0619854 0.271405
