0 0.315648 0.618252 0.460041 0.763496 0.921634
0 0.74407 0.510089 0.419374 0.658837 0.918056
56 0.769748 0.776309 0.428125 0.447382 0.831284
45 0.41694 0.488814 0.153366 0.101835 0.642746
56 0.289569 0.82124 0.504407 0.35752 0.575864
44 0.641397 0.213618 0.0196072 0.125264 0.513568
39 0.756753 0.326069 0.0227276 0.0967823 0.445018
56 0.890041 0.719845 0.193455 0.329317 0.31109
45 0.440765 0.450522 0.0889125 0.0661421 0.30078
45 0.430307 0.436256 0.0648252 0.0368977 0.264161
60 0.527626 0.608632 0.256283 0.358716 0.251397
