36 0.30184 0.697445 0.180805 0.34092 0.929909
0 0.31946 0.345502 0.319161 0.626676 0.912821
0 0.816039 0.514495 0.111433 0.420968 0.902068
0 0.724662 0.509291 0.0755415 0.309719 0.862207
2 0.875277 0.465188 0.0547487 0.0661433 0.790042
0 0.0428024 0.508413 0.055692 0.312653 0.778603
2 0.919084 0.475308 0.0372261 0.054667 0.738501
0 0.640557 0.511611 0.0436838 0.311254 0.706368
2 0.498696 0.509556 0.182824 0.158078 0.671564
9 0.748399 0.192141 0.0458733 0.077631 0.645301
0 0.594869 0.502484 0.0603301 0.329607 0.629201
0 0.410296 0.472537 0.0262935 0.0984796 0.62654
0 0.372096 0.472173 0.0301751 0.0711218 0.609871
24 0.734491 0.467876 0.044894 0.118512 0.567133
2 0.549937 0.506302 0.28592 0.16581 0.553745
9 0.818674 0.1948 0.057633 0.0739427 0.528901
0 0.145593 0.384459 0.0429363 0.0521818 0.524169
2 0.118723 0.533354 0.236175 0.242705 0.478107
2 0.971649 0.471408 0.0300322 0.0493097 0.453158
2 0.976924 0.470622 0.0423056 0.0507909 0.376603
0 0.993508 0.523024 0.0123142 0.108268 0.335172
2 0.540456 0.416155 0.0556014 0.0444162 0.310857
2 0.221597 0.529747 0.443195 0.242965 0.307356
26 0.0628031 0.448947 0.0257489 0.0855183 0.27038
0 0.988696 0.597602 0.0217489 0.241084 0.25811
