0 0.858435 0.328552 0.196146 0.289548 0.920153
10 0.41917 0.525808 0.698748 0.883502 0.911104
2 0.725681 0.33497 0.0924527 0.0448627 0.626777
9 0.61885 0.0723996 0.0336485 0.0599894 0.57864
9 0.264136 0.140283 0.0326409 0.0440125 0.556792
2 0.958239 0.352085 0.0797632 0.0299412 0.496776
2 0.620532 0.336569 0.117726 0.0369896 0.492886
7 0.0384465 0.308533 0.076893 0.0743622 0.448313
2 0.786695 0.340712 0.0492433 0.0360635 0.388838
9 0.270254 0.140134 0.0281035 0.0436449 0.291093
0 0.664048 0.337308 0.0279302 0.0373138 0.262692
2 0.96983 0.351327 0.0565511 0.0267192 0.259063
