5 0.873375 0.424824 0.251855 0.422323 0.822905
0 0.232868 0.620298 0.165415 0.353523 0.822377
0 0.667641 0.566514 0.0486349 0.290001 0.784758
0 0.706977 0.580341 0.0914715 0.281776 0.780523
0 0.364505 0.505281 0.0456515 0.19727 0.728649
56 0.18466 0.708917 0.145268 0.245552 0.684849
2 0.610248 0.46971 0.0852978 0.0533281 0.654352
0 0.0201347 0.578688 0.0400075 0.303906 0.644293
0 0.281494 0.455836 0.0442855 0.108208 0.615449
2 0.738322 0.471119 0.0326555 0.0468484 0.593296
2 0.531789 0.490604 0.0962549 0.0775674 0.5342
2 0.593056 0.499581 0.0570632 0.051984 0.47296
0 0.0802467 0.554354 0.0650738 0.196945 0.430245
2 0.564812 0.48998 0.112301 0.0778408 0.415625
26 0.744167 0.544536 0.0219439 0.0758268 0.365636
56 0.0844815 0.630527 0.0747712 0.155767 0.363717
5 0.244844 0.418441 0.481859 0.347497 0.278117
