0 0.260226 0.546662 0.129143 0.292876 0.75663
2 0.953855 0.640319 0.0916016 0.337736 0.745279
1 0.691581 0.660287 0.0896552 0.334057 0.645592
2 0.831629 0.556701 0.131597 0.179043 0.628489
56 0.35868 0.574281 0.0524556 0.130797 0.610129
0 0.124188 0.569126 0.0867681 0.357025 0.515264
1 0.794952 0.661368 0.150526 0.357047 0.503878
25 0.434054 0.202517 0.327204 0.265126 0.470993
2 0.903587 0.540002 0.0491728 0.0509357 0.401298
56 0.13086 0.658025 0.0988438 0.268197 0.338452
25 0.43231 0.343823 0.331961 0.561739 0.310612
2 0.938697 0.528529 0.0307823 0.0441397 0.272862
60 0.392429 0.564588 0.127653 0.13242 0.267549
