0 0.0418726 0.855721 0.0837451 0.281108 0.891981
2 0.869649 0.817917 0.0972168 0.13799 0.842074
2 0.72664 0.818454 0.228583 0.213778 0.795749
0 0.154163 0.83359 0.0495007 0.156948 0.566733
10 0.365138 0.887489 0.038819 0.135217 0.518026
56 0.508853 0.863338 0.0419004 0.116994 0.508013
0 0.274742 0.792558 0.0473177 0.0770182 0.476771
7 0.928481 0.797001 0.138694 0.14417 0.475174
56 0.206883 0.866262 0.0640594 0.0998957 0.446948
56 0.3987 0.865692 0.0380514 0.0895089 0.392283
0 0.232128 0.791352 0.0334237 0.0599612 0.391213
0 0.209941 0.835257 0.0610493 0.152611 0.387728
0 0.207698 0.814723 0.0572931 0.110345 0.384085
2 0.978447 0.790777 0.0422524 0.0985453 0.372485
2 0.972389 0.800057 0.0538349 0.117705 0.361408
2 0.927755 0.797603 0.137838 0.144788 0.357359
56 0.156155 0.86622 0.0428457 0.0991135 0.3431
56 0.577012 0.84087 0.0370825 0.0739059 0.318715
56 0.555692 0.842866 0.0447618 0.0773811 0.30279
0 0.272759 0.815787 0.0566573 0.123907 0.273457
56 0.458703 0.85796 0.0378899 0.0867344 0.268171
56 0.405996 0.866393 0.0370062 0.0837284 0.263325
