2 0.84854 0.645786 0.285951 0.232885 0.894359
2 0.917991 0.68639 0.15923 0.312491 0.894079
2 0.296541 0.640225 0.363055 0.21175 0.889204
2 0.143742 0.454173 0.0839438 0.0520517 0.846606
2 0.746539 0.611392 0.26217 0.199138 0.846343
9 0.364195 0.297874 0.0313032 0.0793385 0.771423
9 0.716237 0.296847 0.0332208 0.0576937 0.762215
2 0.136604 0.565723 0.11385 0.0788312 0.72408
2 0.320082 0.397591 0.0546581 0.0299185 0.688431
0 0.067564 0.581404 0.0475115 0.0868035 0.688369
2 0.019342 0.546126 0.038684 0.0816452 0.44295
2 0.0296071 0.497267 0.0592142 0.0628407 0.434949
2 0.242424 0.37942 0.0255779 0.00853281 0.317995
2 0.16558 0.522734 0.0851768 0.0266829 0.257684
