0 0.472788 0.607718 0.641851 0.580661 0.89741
72 0.557636 0.491167 0.542649 0.86553 0.734855
68 0.143964 0.33776 0.234081 0.107919 0.497007
39 0.58178 0.0380696 0.042012 0.0761392 0.480272
39 0.639781 0.0362946 0.0869479 0.0724556 0.428981
39 0.507384 0.0418751 0.0522598 0.0837501 0.351492
39 0.548792 0.039384 0.0380346 0.0787679 0.334875
39 0.652609 0.0359733 0.062514 0.071034 0.318644
39 0.615959 0.0368037 0.036882 0.0736074 0.310866
39 0.236524 0.347321 0.0288708 0.0771292 0.294791
39 0.0240886 0.347967 0.0450411 0.10046 0.254267
39 0.401263 0.0482999 0.102609 0.0961205 0.251134
