0 0.240942 0.711111 0.302683 0.567494 0.887446
0 0.523176 0.357936 0.0931303 0.162711 0.868477
0 0.746131 0.59014 0.262959 0.53466 0.863576
0 0.415605 0.496753 0.240604 0.399444 0.848827
40 0.604069 0.684924 0.0457864 0.145909 0.836137
56 0.0342272 0.610449 0.0683198 0.276082 0.774525
56 0.136928 0.552596 0.128345 0.223557 0.768853
40 0.505081 0.710291 0.0483183 0.151386 0.751581
0 0.0300131 0.394778 0.0598014 0.103259 0.641606
60 0.569424 0.694574 0.600384 0.58154 0.626676
0 0.10664 0.427382 0.123137 0.237258 0.608064
41 0.546854 0.637618 0.0412617 0.0723716 0.558296
0 0.616414 0.462193 0.0827579 0.205128 0.549704
57 0.891178 0.696325 0.216978 0.576471 0.529859
41 0.497003 0.603273 0.039813 0.0751568 0.518621
0 0.440034 0.428642 0.0936707 0.238712 0.489026
0 0.662894 0.464857 0.0901102 0.249492 0.477463
0 0.179029 0.378173 0.0551259 0.113011 0.404554
0 0.249438 0.399799 0.087448 0.0999697 0.318815
60 0.554168 0.784105 0.627955 0.407402 0.305432
0 0.4632 0.431015 0.141981 0.249261 0.299455
40 0.580302 0.51477 0.0215855 0.0760287 0.291835
0 0.640321 0.466983 0.130616 0.230548 0.288326
57 0.817366 0.695597 0.365267 0.578205 0.269835
