0 0.140526 0.470696 0.0926173 0.229831 0.868261
3 0.472638 0.632736 0.353856 0.405574 0.854185
0 0.0690941 0.459029 0.0545645 0.257652 0.83868
0 0.927654 0.465444 0.0740105 0.157345 0.801345
0 0.291229 0.461566 0.0262771 0.0877753 0.795496
0 0.83169 0.390896 0.0737934 0.122107 0.722677
0 0.406537 0.402535 0.0657204 0.117178 0.709829
0 0.532091 0.536454 0.164857 0.482339 0.698188
0 0.326358 0.458465 0.0202714 0.0878316 0.652246
2 0.0281465 0.578455 0.056293 0.221408 0.630661
0 0.437837 0.560624 0.189647 0.540378 0.587523
0 0.494174 0.553358 0.238634 0.524038 0.57111
0 0.476263 0.413757 0.111403 0.246105 0.314959
0 0.587313 0.347052 0.031386 0.0826294 0.287675
