25 0.748285 0.385287 0.135151 0.11504 0.884994
0 0.733565 0.600433 0.0832286 0.423641 0.866875
0 0.614403 0.639237 0.10354 0.404139 0.860816
25 0.588867 0.424957 0.150854 0.105234 0.775009
26 0.569784 0.548949 0.034418 0.126651 0.685528
2 0.0577699 0.374442 0.0539341 0.0385506 0.665848
0 0.215936 0.37422 0.0208899 0.0650936 0.419376
0 0.207675 0.375511 0.0140758 0.0615557 0.415258
2 0.500974 0.389061 0.0333626 0.0428399 0.409519
0 0.211723 0.373529 0.0183859 0.0635875 0.368716
0 0.43535 0.40323 0.0169976 0.0630449 0.318796
9 0.636364 0.284946 0.0136255 0.0360934 0.287134
26 0.72652 0.564954 0.0768013 0.23423 0.277231
2 0.026203 0.358209 0.0336041 0.0305286 0.269479
