41 0.827716 0.710821 0.106537 0.171248 0.894111
44 0.755444 0.944451 0.0958417 0.110177 0.881332
41 0.458571 0.644937 0.100391 0.149738 0.868418
42 0.332652 0.922224 0.437402 0.138173 0.8368
60 0.510236 0.706172 0.975078 0.581076 0.833009
0 0.644592 0.44332 0.217796 0.206622 0.736323
0 0.552108 0.41552 0.148298 0.15556 0.715594
0 0.729218 0.356447 0.0978399 0.149333 0.650683
0 0.775878 0.44129 0.232582 0.374987 0.638781
41 0.569414 0.663038 0.107038 0.0899291 0.635121
0 0.250832 0.398792 0.0895471 0.0781678 0.624758
40 0.951035 0.850718 0.097929 0.297659 0.596074
43 0.927022 0.628065 0.145956 0.141817 0.560762
0 0.16949 0.435331 0.1212 0.173978 0.511121
44 0.898388 0.920745 0.158845 0.130576 0.496457
0 0.0858226 0.444061 0.171645 0.262712 0.491151
41 0.369175 0.546359 0.0552348 0.0964868 0.454045
43 0.896225 0.920822 0.156733 0.129056 0.448573
0 0.133124 0.752304 0.266248 0.432879 0.435834
0 0.1249 0.454336 0.249801 0.281792 0.419372
43 0.300231 0.932578 0.354436 0.0620977 0.386676
41 0.515291 0.558313 0.0555062 0.0753372 0.365879
40 0.841338 0.41928 0.0547433 0.0842766 0.365307
0 0.635138 0.337211 0.0611759 0.0501237 0.342497
0 0.682851 0.445844 0.14063 0.210649 0.324334
42 0.320322 0.917466 0.387969 0.105417 0.322445
41 0.459837 0.45747 0.0666228 0.0711098 0.296983
0 0.0614022 0.877654 0.122804 0.159788 0.296081
0 0.910093 0.443582 0.177365 0.398203 0.279733
39 0.459677 0.525212 0.0690604 0.0952526 0.259479
73 0.216816 0.518968 0.202339 0.11119 0.253169
41 0.372323 0.522284 0.0511146 0.0538837 0.252351
