3 0.401691 0.52991 0.801552 0.909007 0.863867
0 0.875178 0.145152 0.0727034 0.204453 0.851128
0 0.54142 0.312333 0.290455 0.47887 0.848944
0 0.405619 0.190802 0.0992031 0.345277 0.807782
0 0.293075 0.116404 0.0720605 0.2296 0.768287
2 0.954065 0.0937773 0.0910095 0.187555 0.739556
0 0.0802192 0.152936 0.0910917 0.219062 0.734022
0 0.0186187 0.136234 0.0369372 0.232961 0.706109
0 0.135714 0.149601 0.0681118 0.230981 0.686561
0 0.711248 0.0833265 0.0641124 0.12094 0.652903
0 0.817709 0.140138 0.0406082 0.221996 0.533982
0 0.533562 0.0966554 0.0657666 0.111261 0.486616
24 0.279919 0.0722778 0.0414034 0.0713406 0.424878
0 0.254166 0.336069 0.154601 0.48507 0.361612
0 0.013049 0.152474 0.0260981 0.201357 0.359083
0 0.841157 0.125012 0.0333038 0.212938 0.351691
26 0.0548831 0.121958 0.0426958 0.0778972 0.314308
0 0.564906 0.0616672 0.0388983 0.0775799 0.305954
2 0.905345 0.0890477 0.0261324 0.0999523 0.305511
24 0.129218 0.106596 0.0462829 0.0828357 0.301381
26 0.156389 0.173207 0.0307379 0.0655672 0.297348
0 0.566683 0.0854393 0.0429037 0.125104 0.28995
