9 0.789277 0.197355 0.0512411 0.159777 0.795025
9 0.321578 0.0811689 0.045289 0.159752 0.747873
2 0.60185 0.767882 0.606493 0.449353 0.59851
2 0.211992 0.768919 0.282578 0.447651 0.58268
2 0.803079 0.867795 0.392405 0.247316 0.552531
9 0.275489 0.280346 0.05197 0.151197 0.474449
9 0.244884 0.3059 0.0375476 0.095513 0.41001
9 0.281185 0.29528 0.0397378 0.120915 0.393015
9 0.874014 0.12615 0.0563614 0.14884 0.384149
9 0.26401 0.281296 0.0754342 0.151781 0.289137
9 0.626115 0.205724 0.239213 0.404508 0.285381
2 0.978535 0.685081 0.0421368 0.127273 0.262598
