0 0.922789 0.493932 0.153714 0.89198 0.907315
0 0.205532 0.565739 0.302436 0.853692 0.892039
0 0.511342 0.360037 0.254138 0.583099 0.846916
0 0.721082 0.493462 0.313886 0.670027 0.810218
41 0.434003 0.959534 0.0684568 0.0800462 0.742637
0 0.286359 0.362346 0.115459 0.401886 0.723159
74 0.796394 0.0361144 0.0487125 0.0722287 0.720674
39 0.636401 0.80524 0.106031 0.363215 0.660891
0 0.0746112 0.288783 0.144426 0.293898 0.630966
41 0.513328 0.841571 0.134163 0.313013 0.596841
0 0.0696222 0.536618 0.139244 0.632388 0.540655
0 0.119039 0.185809 0.058329 0.0863056 0.418242
45 0.396116 0.804814 0.196716 0.233869 0.371841
43 0.769596 0.892878 0.312101 0.207044 0.297311
0 0.470419 0.451799 0.175078 0.373478 0.265906
