2 0.92339 0.580101 0.15322 0.0765499 0.822008
2 0.483845 0.556387 0.309211 0.10212 0.745336
0 0.151629 0.550717 0.0324495 0.069999 0.488917
2 0.631983 0.513573 0.210401 0.0426918 0.4611
2 0.566351 0.5652 0.140879 0.0835959 0.448158
9 0.400231 0.266682 0.106999 0.0762809 0.423562
9 0.241156 0.0380543 0.117495 0.0761085 0.409238
0 0.0380818 0.546949 0.0638799 0.0837259 0.338126
0 0.19977 0.541363 0.0290822 0.0530189 0.311628
0 0.151862 0.53813 0.031357 0.0464952 0.295657
0 0.0242399 0.546709 0.0427642 0.0856704 0.285471
