19 0.694704 0.648442 0.120351 0.329122 0.938675
19 0.562034 0.644149 0.131365 0.350618 0.912549
19 0.273196 0.602552 0.101004 0.301005 0.894902
19 0.14527 0.601405 0.124991 0.306774 0.865938
5 0.201493 0.423455 0.400525 0.214239 0.830349
0 0.893908 0.541437 0.109649 0.274428 0.806778
2 0.411773 0.5762 0.188296 0.237628 0.801467
19 0.395125 0.598583 0.0916307 0.243621 0.656411
19 0.214127 0.590576 0.057076 0.293899 0.644385
0 0.853087 0.506154 0.0531105 0.195621 0.630833
2 0.466115 0.452268 0.0551815 0.107437 0.579686
1 0.874242 0.656911 0.174516 0.275556 0.555742
7 0.655 0.482841 0.33229 0.476304 0.51528
0 0.631258 0.406705 0.0804397 0.121371 0.402035
