41 0.0814645 0.6896 0.0549542 0.0927757 0.879206
15 0.575217 0.693587 0.465994 0.490644 0.878567
7 0.0690408 0.311094 0.137246 0.365251 0.68802
7 0.230472 0.323095 0.204954 0.196356 0.615278
0 0.493146 0.349094 0.333524 0.642602 0.566242
2 0.966037 0.314104 0.0668604 0.0951982 0.542518
0 0.567194 0.48354 0.48134 0.905325 0.488949
39 0.261042 0.714446 0.0466434 0.104535 0.480857
2 0.744817 0.318723 0.164266 0.100971 0.433787
2 0.8936 0.310461 0.0813011 0.0870892 0.326165
13 0.710851 0.431908 0.148655 0.0983995 0.319737
