2 0.146395 0.86779 0.292465 0.169134 0.895486
0 0.935154 0.815111 0.114125 0.156733 0.760652
9 0.819317 0.47512 0.058708 0.112215 0.741875
2 0.897826 0.742693 0.116218 0.0369372 0.570321
2 0.736092 0.7771 0.0705135 0.0928162 0.569733
9 0.810652 0.566864 0.0494954 0.0671823 0.543258
0 0.578209 0.765715 0.0759182 0.102013 0.498003
2 0.82719 0.79002 0.167254 0.0888668 0.451749
2 0.977521 0.745832 0.0440198 0.0320607 0.383169
0 0.563445 0.770762 0.0484514 0.0929389 0.347369
9 0.262725 0.157592 0.14454 0.312298 0.338952
0 0.603296 0.777452 0.0320377 0.0737993 0.337903
2 0.863005 0.791041 0.0963357 0.0860298 0.296519
0 0.534222 0.755343 0.0256451 0.0686723 0.295765
1 0.952926 0.854974 0.0546744 0.0871367 0.266837
