5 0.736252 0.428131 0.524218 0.569239 0.957905
2 0.318543 0.526344 0.0944366 0.0940297 0.887519
2 0.0851336 0.549348 0.0889433 0.108643 0.74413
2 0.168678 0.504924 0.041238 0.0539724 0.674072
2 0.255957 0.520665 0.054404 0.0700284 0.672398
2 0.22562 0.514477 0.042142 0.0629974 0.601462
2 0.195464 0.512715 0.0374284 0.0539745 0.563842
2 0.231974 0.514922 0.0347092 0.0648848 0.548906
2 0.142427 0.496205 0.0254827 0.0397748 0.403884
2 0.24011 0.517276 0.0367248 0.065933 0.308162
2 0.0824424 0.480688 0.0253607 0.0318261 0.273266
