0 0.113819 0.565427 0.175278 0.339931 0.891936
0 0.300198 0.438252 0.0406961 0.0764351 0.623207
25 0.396083 0.384916 0.234018 0.125626 0.525663
0 0.207007 0.541367 0.0684468 0.179516 0.465915
45 0.607104 0.800782 0.216453 0.106447 0.446584
25 0.567049 0.284405 0.865902 0.56881 0.377356
25 0.572037 0.158893 0.854595 0.317205 0.332516
0 0.616938 0.442084 0.0801536 0.0845921 0.332291
0 0.178238 0.423425 0.0465657 0.0374338 0.324634
25 0.0709702 0.36443 0.140173 0.0263926 0.30836
58 0.279727 0.688697 0.234092 0.128694 0.305657
0 0.273255 0.438517 0.0316828 0.0691585 0.269283
25 0.797339 0.327364 0.403477 0.109402 0.263811
25 0.396841 0.34723 0.226891 0.0510708 0.260276
