18 0.157597 0.565439 0.101763 0.119678 0.798819
18 0.064581 0.570361 0.0980521 0.122506 0.740393
18 0.544624 0.521139 0.0764074 0.0902329 0.703792
18 0.474691 0.528244 0.0786469 0.113341 0.619962
18 0.599124 0.481038 0.0664562 0.108217 0.600627
18 0.33392 0.577951 0.0758825 0.112308 0.54207
18 0.646319 0.495006 0.0803296 0.100391 0.539183
18 0.232849 0.492862 0.0856841 0.0566031 0.470533
18 0.315792 0.497397 0.079196 0.060986 0.451696
18 0.277274 0.573754 0.1154 0.122341 0.410016
18 0.00775025 0.556684 0.0155005 0.0874091 0.350946
18 0.14939 0.486385 0.0476253 0.0476642 0.344842
18 0.553416 0.458154 0.0734562 0.066682 0.338642
18 0.246437 0.571462 0.0568851 0.121642 0.318238
2 0.0665709 0.809795 0.132059 0.325756 0.29493
18 0.184041 0.550593 0.0738064 0.102007 0.270059
18 0.465899 0.540281 0.0955376 0.141636 0.254251
