2 0.693439 0.406559 0.131185 0.0903623 0.883889
2 0.752879 0.839321 0.493725 0.300167 0.869441
0 0.5229 0.427211 0.0817627 0.33298 0.855137
1 0.903061 0.41776 0.0763933 0.0703348 0.789757
0 0.0413048 0.352142 0.0560132 0.175298 0.753125
2 0.305284 0.363501 0.0673018 0.0652277 0.680084
2 0.232305 0.369739 0.0392564 0.0307789 0.584168
9 0.286942 0.184227 0.0140564 0.0438487 0.556918
0 0.904396 0.393863 0.0354231 0.102302 0.512042
2 0.22697 0.368214 0.050703 0.0340751 0.416487
26 0.0262326 0.36319 0.0237826 0.0838704 0.355523
9 0.401762 0.0934083 0.0288212 0.0757257 0.347469
26 0.0269316 0.356838 0.0310617 0.0924776 0.327237
0 0.944532 0.38691 0.0103941 0.0288551 0.325599
