2 0.166468 0.905706 0.269928 0.17586 0.895881
2 0.0564721 0.612628 0.112353 0.0883534 0.833875
2 0.840035 0.537502 0.142746 0.0874029 0.820278
9 0.190641 0.41091 0.0396807 0.184471 0.781639
2 0.564513 0.541298 0.0913012 0.026078 0.57892
5 0.947239 0.663096 0.10484 0.158699 0.550454
9 0.440279 0.639276 0.0291248 0.0944242 0.518368
2 0.947397 0.662909 0.104515 0.157987 0.473425
9 0.440193 0.628281 0.0243113 0.0751663 0.405361
9 0.396693 0.622992 0.0464227 0.0682429 0.390725
9 0.388828 0.622825 0.0319154 0.065712 0.371917
9 0.405574 0.623126 0.032086 0.0729352 0.308283
9 0.366018 0.68301 0.0363128 0.0314784 0.252078
