0 0.74604 0.242654 0.171602 0.355136 0.807044
0 0.39823 0.340169 0.235856 0.214522 0.776694
0 0.666729 0.132455 0.0830388 0.170052 0.660949
0 0.209615 0.150326 0.0952847 0.180421 0.623194
0 0.274061 0.103764 0.0634985 0.100809 0.556748
1 0.890892 0.212404 0.141848 0.109204 0.547755
0 0.463507 0.149162 0.107997 0.167292 0.546872
0 0.409232 0.111121 0.0604443 0.10041 0.524974
0 0.151806 0.126403 0.0714487 0.0994799 0.505522
50 0.43007 0.476195 0.181499 0.0909716 0.46971
25 0.092816 0.0385297 0.183902 0.0740327 0.449316
46 0.665481 0.8112 0.540256 0.375389 0.435048
0 0.741495 0.516517 0.348414 0.287028 0.368679
46 0.370181 0.826555 0.285282 0.237988 0.34893
25 0.523416 0.0160064 0.374146 0.0318516 0.279787
0 0.969273 0.424982 0.058187 0.304909 0.267852
25 0.514752 0.0226824 0.386503 0.045012 0.251798
