10 0.639053 0.663068 0.126935 0.372905 0.907954
13 0.174886 0.60971 0.341612 0.503654 0.82883
0 0.77176 0.323737 0.0340536 0.13491 0.705332
2 0.904801 0.361417 0.103545 0.103844 0.697182
0 0.532498 0.32367 0.0273044 0.12207 0.63049
0 0.508473 0.319603 0.0344158 0.121485 0.551382
2 0.297988 0.317083 0.0376819 0.0387117 0.545773
7 0.0450128 0.273924 0.0893769 0.177382 0.505398
0 0.610403 0.327214 0.0305529 0.115145 0.455773
2 0.960125 0.450029 0.0789696 0.297215 0.454724
0 0.581637 0.328982 0.0308021 0.117421 0.412408
2 0.251565 0.316896 0.041387 0.0444046 0.403071
9 0.435169 0.0639775 0.0264143 0.0489295 0.355466
2 0.336771 0.312487 0.0373995 0.0454324 0.343521
0 0.959819 0.275941 0.021843 0.0526908 0.336468
2 0.204438 0.305979 0.0586183 0.0757091 0.323544
0 0.726316 0.307124 0.022751 0.101931 0.298113
0 0.447009 0.314823 0.0245634 0.090592 0.294882
0 0.14858 0.444253 0.181795 0.565486 0.27459
2 0.0344013 0.319958 0.0681999 0.0837752 0.259367
9 0.478977 0.157191 0.0191347 0.0332435 0.258783
0 0.141558 0.26391 0.159817 0.19854 0.253378
