0 0.336892 0.515481 0.14329 0.563846 0.9082
0 0.151346 0.339145 0.0697638 0.0814863 0.486613
0 0.543171 0.331632 0.056362 0.0867312 0.421253
0 0.211262 0.340393 0.0491953 0.0815749 0.405556
56 0.62129 0.25197 0.0428158 0.0372417 0.358004
56 0.809885 0.173925 0.0381721 0.0297883 0.354403
0 0.956113 0.216928 0.0581055 0.0794201 0.351358
56 0.912053 0.336044 0.0457924 0.0392754 0.338385
56 0.848559 0.175223 0.0370697 0.0292317 0.333322
0 0.608736 0.290268 0.0760601 0.0834407 0.330793
56 0.665184 0.251701 0.044671 0.038553 0.327878
0 0.0365272 0.209271 0.0497594 0.0751944 0.324138
0 0.326027 0.184014 0.0683199 0.0990118 0.319177
56 0.63457 0.0289582 0.035322 0.025971 0.313614
0 0.207114 0.269872 0.0528813 0.104531 0.313421
56 0.869397 0.214396 0.0316481 0.0360707 0.305239
56 0.110046 0.254798 0.0464312 0.0393058 0.303015
56 0.888401 0.172812 0.0405411 0.0301799 0.302599
56 0.187684 0.210101 0.0447985 0.0319255 0.298159
56 0.833567 0.212642 0.0424286 0.0419498 0.297525
0 0.0371564 0.0516821 0.0448669 0.0747865 0.29315
56 0.151276 0.256766 0.0428517 0.0456287 0.266929
56 0.984963 0.215261 0.0291683 0.0383992 0.26333
0 0.267544 0.183676 0.0451367 0.100705 0.257615
0 0.903195 0.210002 0.0535187 0.0626189 0.25238
56 0.290196 0.0550751 0.0400276 0.0364896 0.251536
