0 0.843576 0.77797 0.178237 0.435411 0.900043
0 0.161821 0.783773 0.305904 0.420671 0.874915
0 0.521517 0.82227 0.255719 0.346795 0.843186
0 0.953008 0.64816 0.0930786 0.65188 0.842353
0 0.306564 0.750046 0.181598 0.494001 0.821508
0 0.756198 0.690262 0.218157 0.611437 0.651908
0 0.63436 0.54702 0.0823969 0.426051 0.489185
0 0.16338 0.412583 0.112234 0.262538 0.487778
0 0.685831 0.372362 0.0891014 0.351002 0.476485
0 0.349564 0.285301 0.117847 0.350722 0.442973
0 0.115954 0.626332 0.165033 0.409903 0.438025
0 0.0582196 0.555132 0.115209 0.52784 0.387454
0 0.314907 0.130974 0.0450638 0.150292 0.303718
0 0.832895 0.455113 0.146686 0.216926 0.286786
0 0.394012 0.0653569 0.0309818 0.126141 0.268466
0 0.787334 0.0950768 0.0587826 0.0904864 0.261966
0 0.0133336 0.0824213 0.0266215 0.14803 0.261686
0 0.158838 0.0809053 0.0307124 0.128391 0.250436
