0 0.591083 0.571769 0.48642 0.839618 0.925045
0 0.0648517 0.526498 0.129568 0.908617 0.903721
0 0.200646 0.513723 0.285631 0.944323 0.881789
27 0.514591 0.768896 0.071863 0.449592 0.86622
2 0.823424 0.659581 0.352486 0.651303 0.732794
0 0.36328 0.245892 0.0766262 0.0974791 0.55449
0 0.714234 0.339691 0.0694282 0.144117 0.507444
2 0.491976 0.651112 0.963157 0.651259 0.444763
2 0.937121 0.223883 0.124832 0.245323 0.367368
2 0.903794 0.82821 0.191487 0.330138 0.359161
2 0.270644 0.662568 0.519942 0.639073 0.287731
2 0.85495 0.892371 0.0860016 0.212184 0.284659
