3 0.53219 0.625005 0.0993003 0.253285 0.801942
3 0.873791 0.556262 0.0888016 0.171327 0.777616
0 0.689709 0.511973 0.0330453 0.223577 0.763685
0 0.138127 0.577219 0.0755145 0.378788 0.756395
0 0.722523 0.519763 0.0335403 0.263104 0.730918
3 0.35849 0.619715 0.130134 0.198248 0.69279
0 0.775624 0.489531 0.033913 0.202318 0.663771
0 0.973926 0.464712 0.0354183 0.244665 0.627944
0 0.872367 0.488221 0.0602072 0.188401 0.626875
3 0.468232 0.598855 0.0751324 0.192818 0.59387
3 0.138871 0.642893 0.111445 0.270389 0.584974
3 0.214397 0.644251 0.068753 0.200811 0.565935
0 0.926958 0.453152 0.0258326 0.202596 0.546999
0 0.537459 0.567369 0.0593819 0.284663 0.528665
0 0.746502 0.499348 0.0226923 0.212679 0.516357
3 0.8115 0.511525 0.0544312 0.133847 0.506025
3 0.606572 0.578411 0.0799126 0.15816 0.504973
3 0.0538164 0.636468 0.0859157 0.302133 0.500615
3 0.101917 0.63748 0.181291 0.297301 0.419919
0 0.103321 0.532712 0.0328015 0.234405 0.403697
0 0.493637 0.490981 0.0341078 0.104415 0.380952
0 0.102648 0.483868 0.0297955 0.13684 0.359401
3 0.796816 0.513007 0.0847542 0.151125 0.322314
3 0.648794 0.562976 0.058407 0.143063 0.302753
0 0.948495 0.453637 0.0238468 0.193167 0.275192
