2 0.232823 0.583226 0.465647 0.475111 0.916983
2 0.738919 0.490829 0.477871 0.43987 0.88122
2 0.490256 0.354474 0.166949 0.112341 0.872294
10 0.427293 0.678245 0.107633 0.24787 0.837298
2 0.553569 0.397584 0.185545 0.140555 0.834431
2 0.328268 0.358465 0.0860458 0.0857276 0.822586
2 0.658023 0.288963 0.0575291 0.0392063 0.654632
2 0.201805 0.336822 0.0757058 0.0298908 0.560537
2 0.0510975 0.337096 0.101998 0.0857807 0.534273
0 0.987332 0.597683 0.0245411 0.185192 0.532952
2 0.949497 0.276346 0.0783596 0.0439461 0.405357
2 0.955441 0.309719 0.0882839 0.109529 0.382619
2 0.417745 0.344694 0.0433849 0.0898337 0.317977
2 0.608866 0.28345 0.0328165 0.029012 0.29893
2 0.612083 0.290894 0.0430778 0.0406756 0.274338
