5 0.512389 0.57635 0.29341 0.259828 0.901725
5 0.730226 0.59251 0.156206 0.210904 0.846716
0 0.289175 0.627077 0.0416975 0.166576 0.841921
2 0.886214 0.656846 0.0903191 0.0752966 0.746209
9 0.170173 0.492714 0.0308592 0.101203 0.660304
9 0.380557 0.502195 0.0269273 0.0885868 0.636661
5 0.104603 0.53148 0.160491 0.251887 0.542136
5 0.824222 0.602673 0.0565254 0.172396 0.417628
9 0.232082 0.565783 0.0124774 0.0447294 0.408244
9 0.200086 0.50266 0.0183045 0.0675889 0.407937
9 0.232652 0.43088 0.0188562 0.0732457 0.326293
