45 0.384659 0.876984 0.262774 0.245533 0.88306
45 0.440868 0.707206 0.195854 0.185675 0.853634
0 0.915674 0.540255 0.167725 0.914605 0.838502
60 0.454203 0.533568 0.890459 0.932863 0.800883
56 0.781791 0.216034 0.156871 0.18547 0.800322
45 0.315818 0.666327 0.147957 0.163218 0.744348
45 0.591859 0.706721 0.103343 0.133129 0.725289
56 0.421802 0.0975082 0.163857 0.122559 0.619381
56 0.0412887 0.27563 0.0823316 0.171887 0.604272
0 0.0641594 0.162234 0.127871 0.268128 0.54175
45 0.642891 0.879274 0.281992 0.231296 0.455093
0 0.92899 0.0790428 0.141012 0.157918 0.450039
56 0.131668 0.136705 0.101753 0.272913 0.441865
56 0.627424 0.160302 0.160164 0.154874 0.428764
49 0.364048 0.472916 0.0517179 0.0451399 0.384018
45 0.367215 0.197672 0.10299 0.0745821 0.359689
56 0.082393 0.726493 0.163956 0.540441 0.336768
56 0.037695 0.853302 0.07492 0.29136 0.326396
45 0.514476 0.171471 0.0839489 0.0730996 0.318703
