17 0.356766 0.574597 0.606026 0.831339 0.907853
0 0.400158 0.259093 0.22823 0.481302 0.861408
0 0.0875927 0.332585 0.0777809 0.183922 0.764565
17 0.646373 0.566768 0.396009 0.790515 0.747689
0 0.522873 0.156705 0.142886 0.256418 0.601609
2 0.795136 0.657771 0.320695 0.345735 0.563749
0 0.275197 0.320077 0.0455073 0.0713699 0.531992
17 0.566722 0.541384 0.327416 0.813832 0.481731
0 0.122079 0.422026 0.181189 0.337464 0.451276
0 0.175707 0.326057 0.0702198 0.143896 0.33222
0 0.657412 0.134045 0.0868689 0.16827 0.300304
