0 0.430448 0.534997 0.219068 0.676447 0.906532
0 0.220275 0.40634 0.194551 0.392958 0.885307
24 0.707933 0.701677 0.117207 0.181383 0.726802
2 0.761917 0.414421 0.475562 0.45737 0.661728
2 0.344978 0.337763 0.0706864 0.0995317 0.63032
28 0.712231 0.592035 0.116173 0.205677 0.600088
28 0.369139 0.672612 0.233477 0.330872 0.596178
2 0.354602 0.339839 0.0493899 0.0937815 0.47602
24 0.631873 0.705495 0.0823338 0.160815 0.297424
2 0.277866 0.320444 0.061182 0.0695368 0.284784
28 0.556915 0.714381 0.0702894 0.128563 0.282452
2 0.435859 0.364692 0.265932 0.34262 0.254417
