0 0.648789 0.407715 0.186932 0.801952 0.880331
0 0.238062 0.480258 0.330765 0.790497 0.844364
2 0.522929 0.481099 0.149737 0.161135 0.690623
27 0.627175 0.225814 0.0759842 0.178901 0.684605
0 0.855 0.486508 0.0207209 0.0857603 0.60121
0 0.907768 0.482827 0.016116 0.0861564 0.503877
0 0.889141 0.482387 0.0204746 0.0945006 0.480975
2 0.64118 0.512091 0.265373 0.103234 0.452582
0 0.801467 0.479692 0.0132513 0.0524798 0.356449
2 0.723704 0.511237 0.103815 0.097211 0.351396
0 0.910415 0.480341 0.016613 0.0910381 0.346232
9 0.888105 0.204104 0.020923 0.0632016 0.327897
