0 0.458553 0.600602 0.375728 0.777931 0.925866
0 0.792539 0.516369 0.112226 0.473455 0.89497
25 0.360498 0.154949 0.332031 0.197839 0.699022
58 0.683755 0.708233 0.219489 0.371657 0.562897
56 0.0704767 0.650726 0.140216 0.172183 0.552376
52 0.578974 0.708846 0.133601 0.156926 0.544637
25 0.0566356 0.172452 0.11274 0.152599 0.522806
48 0.579047 0.709589 0.133456 0.157876 0.415615
25 0.110714 0.220736 0.187506 0.108832 0.383355
29 0.462075 0.604558 0.116746 0.174886 0.331842
56 0.245244 0.672932 0.167201 0.227162 0.314005
25 0.10239 0.203043 0.204717 0.142658 0.253175
