2 0.453904 0.682627 0.0988123 0.144949 0.83098
2 0.551566 0.594291 0.0604239 0.084444 0.787849
9 0.756392 0.0779729 0.0212093 0.0752077 0.689787
9 0.988328 0.614139 0.0215038 0.117741 0.632302
9 0.404964 0.216799 0.0281925 0.0949141 0.614108
0 0.96177 0.812344 0.032287 0.210697 0.575987
0 0.143868 0.74824 0.0335958 0.172096 0.574242
9 0.0178296 0.420156 0.0254532 0.129102 0.545664
7 0.867174 0.744314 0.204163 0.323565 0.538183
0 0.833627 0.362609 0.0174473 0.0567996 0.534125
2 0.713787 0.346494 0.0531323 0.064784 0.483065
9 0.178939 0.0568898 0.036481 0.112973 0.451242
0 0.211058 0.629564 0.0238869 0.106358 0.449739
9 0.942746 0.526467 0.0175907 0.0828225 0.449429
2 0.624064 0.41629 0.0442587 0.0695004 0.408792
0 0.326769 0.640635 0.0228491 0.115319 0.406297
0 0.686271 0.502059 0.0222635 0.0403543 0.399859
1 0.220009 0.705255 0.045107 0.100622 0.338481
9 0.18801 0.467286 0.0197786 0.0925674 0.331227
3 0.683459 0.545873 0.0414206 0.04774 0.304714
