0 0.350009 0.615776 0.122121 0.57788 0.903676
0 0.909645 0.613523 0.154382 0.533825 0.892931
0 0.0851413 0.588476 0.106379 0.554078 0.889047
29 0.532281 0.798579 0.0568735 0.0408149 0.867231
0 0.821089 0.57701 0.122481 0.555801 0.865278
24 0.616352 0.784546 0.0939104 0.12481 0.704717
2 0.121404 0.533365 0.032867 0.0462721 0.672117
13 0.625497 0.857566 0.50663 0.268315 0.65502
29 0.910347 0.62013 0.0455696 0.0685818 0.530113
2 0.0200881 0.513658 0.0311935 0.0242558 0.439105
2 0.214177 0.525524 0.0355601 0.0357942 0.254117
13 0.740802 0.899272 0.273429 0.183309 0.251645
