0 0.715917 0.591141 0.214225 0.786811 0.913349
18 0.416911 0.708829 0.244186 0.432449 0.887998
25 0.0802559 0.279185 0.160512 0.118795 0.885638
18 0.180631 0.735261 0.361261 0.522331 0.878773
0 0.0989769 0.396922 0.111791 0.301151 0.843923
0 0.519078 0.377505 0.1039 0.287286 0.840708
25 0.971976 0.275254 0.055257 0.105499 0.825247
25 0.539295 0.293059 0.20054 0.187813 0.815422
0 0.881544 0.437651 0.0708399 0.236667 0.800281
0 0.28967 0.378469 0.124208 0.298256 0.754483
0 0.942016 0.420231 0.0558678 0.229102 0.730626
0 0.198446 0.36096 0.0919992 0.264165 0.713767
0 0.43276 0.364871 0.085226 0.233749 0.66573
25 0.741151 0.170528 0.441464 0.339058 0.632253
25 0.594328 0.179726 0.252765 0.0870252 0.627198
25 0.975826 0.360622 0.0472893 0.081362 0.610584
25 0.184402 0.256542 0.110639 0.114412 0.587841
25 0.328228 0.244626 0.224178 0.148421 0.577931
0 0.0265648 0.404879 0.0529796 0.150657 0.515435
26 0.713758 0.540541 0.086475 0.194337 0.49319
18 0.422807 0.522957 0.117993 0.159477 0.480141
25 0.873796 0.296457 0.130532 0.0672684 0.47451
25 0.0317234 0.232873 0.0631565 0.049505 0.426887
0 0.351249 0.405307 0.04448 0.159527 0.418386
25 0.93054 0.284982 0.0557522 0.0396211 0.356038
25 0.418286 0.247972 0.108722 0.0628121 0.327558
25 0.873188 0.3308 0.12846 0.137031 0.316323
25 0.330082 0.21323 0.229824 0.0835341 0.315163
18 0.552414 0.627917 0.0901205 0.272262 0.314562
25 0.984774 0.339747 0.02981 0.0393369 0.311449
0 0.990418 0.555591 0.018512 0.144644 0.311
25 0.964073 0.329281 0.0340702 0.0363127 0.297881
25 0.363735 0.324418 0.0781714 0.0647785 0.29473
25 0.742628 0.111074 0.437586 0.221998 0.271245
25 0.988885 0.337339 0.021368 0.0331048 0.260283
