0 0.168277 0.741751 0.0855322 0.350409 0.875968
0 0.0899162 0.712307 0.0785927 0.367952 0.833578
0 0.560982 0.617248 0.032052 0.130322 0.791541
0 0.666045 0.662925 0.036516 0.137694 0.751846
0 0.699988 0.652309 0.0318804 0.14398 0.729075
2 0.48504 0.59495 0.106739 0.0809002 0.720258
0 0.0922312 0.888497 0.145212 0.223006 0.713219
0 0.027103 0.660625 0.0541189 0.288215 0.697999
0 0.875955 0.67518 0.0348289 0.146107 0.670364
0 0.585374 0.637917 0.035603 0.151985 0.655048
0 0.905579 0.672731 0.0431726 0.158145 0.641299
0 0.879267 0.859702 0.101623 0.266935 0.57793
1 0.734724 0.691007 0.0342875 0.0882939 0.550907
2 0.40859 0.571001 0.0260618 0.0363893 0.531495
2 0.694423 0.591352 0.0553226 0.0399756 0.46899
2 0.1763 0.545622 0.0189418 0.038459 0.468829
2 0.730297 0.59009 0.028684 0.0373383 0.451683
7 0.215257 0.548699 0.0626713 0.123706 0.43792
2 0.461816 0.591012 0.0605762 0.0708677 0.368373
0 0.691696 0.649286 0.0507584 0.151643 0.36674
1 0.784441 0.792644 0.142 0.204188 0.351829
1 0.782496 0.732296 0.139453 0.182128 0.336514
26 0.0123873 0.762183 0.0247507 0.106104 0.329147
2 0.976377 0.931697 0.046427 0.132813 0.325638
5 0.215117 0.548679 0.0625411 0.122443 0.323289
0 0.277789 0.563986 0.0133932 0.0514871 0.319601
3 0.976379 0.931764 0.0463589 0.133881 0.309292
2 0.519788 0.609292 0.0373041 0.0519026 0.30133
0 0.376587 0.571959 0.0159836 0.076215 0.300731
1 0.782561 0.76313 0.139209 0.126023 0.289673
3 0.313393 0.571263 0.0329904 0.0366155 0.28349
1 0.740897 0.76698 0.0571875 0.103656 0.271786
0 0.538121 0.578863 0.0167608 0.0558471 0.263949
3 0.622959 0.608653 0.0360449 0.0442038 0.262708
0 0.159622 0.550692 0.012341 0.0408342 0.259996
1 0.833792 0.845216 0.0570885 0.183919 0.25654
0 0.379088 0.571835 0.0128733 0.0728982 0.250132
