0 0.85988 0.38712 0.279116 0.536785 0.839055
0 0.459749 0.374604 0.365774 0.351695 0.807495
0 0.282271 0.26737 0.108598 0.143452 0.743567
0 0.193887 0.255961 0.116854 0.158999 0.619192
1 0.840656 0.578348 0.317025 0.374244 0.564508
0 0.633877 0.273231 0.113358 0.121439 0.564352
25 0.740239 0.195991 0.216834 0.0656544 0.522599
16 0.416534 0.617045 0.223981 0.323864 0.505586
25 0.221509 0.10388 0.439511 0.115578 0.473638
25 0.294956 0.160191 0.42417 0.0874393 0.457725
16 0.134969 0.740104 0.269937 0.363383 0.450944
18 0.416804 0.618183 0.218772 0.315145 0.43413
25 0.278412 0.124715 0.554265 0.15918 0.370292
25 0.540686 0.225331 0.171323 0.0540848 0.347884
0 0.710237 0.27308 0.0759509 0.114936 0.337082
