0 0.692356 0.537658 0.308633 0.840998 0.906762
0 0.469861 0.580013 0.23203 0.403762 0.882451
41 0.423257 0.746838 0.0450995 0.0922129 0.868355
60 0.470481 0.787107 0.939663 0.404132 0.733177
0 0.245821 0.521492 0.169131 0.263176 0.711369
0 0.154572 0.489953 0.129535 0.19609 0.674624
45 0.0812283 0.927032 0.158699 0.145524 0.551338
41 0.182616 0.622273 0.0458958 0.0930631 0.387312
41 0.176835 0.64046 0.0310798 0.0567277 0.307302
13 0.686705 0.261037 0.19168 0.264493 0.284118
0 0.152102 0.450206 0.126078 0.277294 0.254226
