18 0.293575 0.632225 0.191441 0.231116 0.839334
18 0.396158 0.603046 0.162617 0.244332 0.809318
2 0.751371 0.417601 0.0759911 0.0864582 0.766028
18 0.0423538 0.657969 0.0844779 0.165138 0.735675
18 0.13711 0.625369 0.140923 0.226602 0.701585
18 0.588624 0.597793 0.103801 0.240232 0.642311
18 0.659561 0.597252 0.100855 0.236427 0.631088
18 0.784593 0.561614 0.115872 0.17142 0.585448
18 0.473445 0.601631 0.0972567 0.23131 0.54142
18 0.717134 0.591468 0.115844 0.206019 0.417346
18 0.803472 0.567496 0.0758961 0.16173 0.39805
18 0.605493 0.445485 0.0352471 0.0314182 0.30321
18 0.343108 0.517776 0.0623707 0.0733212 0.291149
18 0.516096 0.563521 0.0659876 0.151835 0.288422
18 0.364637 0.520611 0.0973244 0.0756044 0.256468
