2 0.598409 0.729288 0.205094 0.219299 0.912762
0 0.0333458 0.676968 0.052253 0.160897 0.876545
0 0.176922 0.681771 0.121677 0.421479 0.855185
2 0.379374 0.708949 0.252178 0.31638 0.849321
2 0.831851 0.649992 0.0453884 0.041836 0.810187
3 0.0987862 0.743122 0.0760021 0.207578 0.757588
2 0.761041 0.678772 0.078352 0.0933373 0.748358
1 0.168931 0.853909 0.0714917 0.216649 0.489634
2 0.974301 0.640687 0.0394423 0.0404433 0.440821
0 0.271602 0.617245 0.0487274 0.164496 0.43691
2 0.635203 0.632901 0.104095 0.0722518 0.394145
0 0.271485 0.650589 0.049342 0.232713 0.321295
0 0.932899 0.644582 0.0136333 0.0462542 0.288628
9 0.617323 0.546156 0.0177135 0.0718513 0.280378
2 0.643915 0.68022 0.127101 0.161597 0.261257
