17 0.393274 0.61851 0.516967 0.659611 0.90896
0 0.414915 0.437668 0.13714 0.548993 0.770535
0 0.254764 0.476711 0.0504249 0.0996569 0.672279
0 0.924823 0.51685 0.0611301 0.229977 0.525076
0 0.107212 0.486603 0.0544349 0.171155 0.510717
0 0.188268 0.483881 0.0485653 0.101591 0.479648
0 0.968869 0.556191 0.0465301 0.278865 0.434971
0 0.799712 0.494775 0.0674029 0.208828 0.380126
0 0.678702 0.511162 0.0589129 0.181334 0.360952
0 0.679763 0.553474 0.0617107 0.264306 0.341801
0 0.0680876 0.536656 0.0520617 0.225829 0.332191
0 0.0182091 0.527788 0.0362796 0.243718 0.318131
0 0.744242 0.52411 0.0413804 0.146845 0.301032
0 0.858347 0.497292 0.0419113 0.208775 0.300763
0 0.747495 0.551155 0.0469923 0.205297 0.285536
0 0.881161 0.513715 0.0410381 0.185472 0.28129
0 0.0277847 0.527458 0.0546017 0.23736 0.256654
0 0.293892 0.475005 0.0289159 0.0554489 0.250771
