0 0.83929 0.3712 0.0774332 0.153934 0.814368
0 0.755829 0.376285 0.0580626 0.148431 0.805607
0 0.0459582 0.370628 0.0674005 0.143181 0.745095
0 0.523328 0.351142 0.0493065 0.0806956 0.644692
3 0.281317 0.479727 0.487326 0.236234 0.553831
0 0.0176104 0.375748 0.0352209 0.138613 0.532031
0 0.398169 0.344088 0.045781 0.0558537 0.520342
3 0.196068 0.476209 0.320062 0.245464 0.513766
3 0.538638 0.538576 0.822528 0.304488 0.500527
0 0.681504 0.35736 0.0458936 0.115581 0.474684
1 0.512376 0.755006 0.84161 0.35339 0.428913
3 0.513075 0.711881 0.836065 0.448518 0.345577
25 0.222818 0.31283 0.0908501 0.0233776 0.311375
0 0.547058 0.349241 0.031152 0.0606241 0.301137
3 0.220795 0.436496 0.370609 0.201907 0.27049
0 0.482833 0.348609 0.0413927 0.0738028 0.259179
