2 0.0736229 0.576885 0.128563 0.0853882 0.812101
2 0.185125 0.550862 0.0748865 0.0685921 0.627741
2 0.0228716 0.560141 0.0454466 0.0990415 0.615983
2 0.116629 0.54276 0.0705067 0.0615393 0.560877
2 0.301555 0.53666 0.0471649 0.0430776 0.465494
2 0.198176 0.547955 0.102659 0.0671514 0.37251
2 0.454017 0.513235 0.0259932 0.0217673 0.364309
2 0.249128 0.540158 0.0408394 0.0387188 0.334196
2 0.465447 0.541075 0.0378313 0.03312 0.301594
2 0.0378881 0.577771 0.0670804 0.0832039 0.298271
2 0.668425 0.534808 0.0332342 0.0467969 0.291795
2 0.514215 0.54178 0.0298037 0.0424934 0.285188
2 0.533849 0.548375 0.0205061 0.049463 0.273697
2 0.382798 0.521562 0.025363 0.0316128 0.266419
2 0.419524 0.509853 0.033653 0.0247607 0.258135
