0 0.482859 0.601799 0.299542 0.767394 0.898112
0 0.876167 0.609754 0.218202 0.472956 0.68956
0 0.730237 0.613334 0.214948 0.536873 0.585278
34 0.45215 0.130115 0.132396 0.260229 0.555642
34 0.479848 0.191447 0.185658 0.382192 0.463483
0 0.224681 0.435303 0.191451 0.367302 0.458042
32 0.258724 0.438758 0.0222617 0.0432433 0.382887
0 0.0395901 0.700854 0.0788647 0.367472 0.354028
0 0.108703 0.0547532 0.144716 0.106317 0.3156
0 0.956603 0.594146 0.0834394 0.453039 0.301564
0 0.957144 0.505518 0.0848423 0.281126 0.286433
56 0.122827 0.693184 0.157546 0.241796 0.255754
