2 0.929277 0.698607 0.141254 0.429273 0.947964
2 0.142902 0.581485 0.281929 0.388196 0.901145
2 0.877715 0.633986 0.240095 0.338527 0.882328
0 0.517904 0.588252 0.109867 0.443501 0.873601
2 0.0504781 0.738796 0.100627 0.494103 0.867401
2 0.104623 0.706232 0.198885 0.416261 0.808641
2 0.806487 0.58127 0.21301 0.292064 0.778523
2 0.708743 0.566541 0.0966514 0.214423 0.720354
0 0.415373 0.492731 0.0285784 0.132589 0.711861
0 0.441793 0.488908 0.0365869 0.127509 0.696965
0 0.340187 0.492395 0.027916 0.144297 0.682519
2 0.627515 0.54178 0.0700114 0.161834 0.674078
9 0.56945 0.178562 0.0166716 0.0588245 0.666752
9 0.544409 0.176325 0.0187727 0.0612441 0.659294
2 0.682068 0.543675 0.087832 0.199728 0.658504
0 0.936021 0.440336 0.0418114 0.0545734 0.584046
2 0.606195 0.529022 0.0999277 0.144267 0.580384
2 0.286005 0.537261 0.062206 0.143711 0.557594
9 0.259549 0.193532 0.0172001 0.0617388 0.479556
2 0.305733 0.493776 0.0558891 0.121728 0.448176
2 0.137382 0.661999 0.272597 0.485371 0.440298
9 0.246042 0.193567 0.0156231 0.0621435 0.440242
2 0.288984 0.51477 0.06918 0.161177 0.437562
2 0.312766 0.484805 0.0433139 0.110707 0.434888
0 0.381263 0.499319 0.0303308 0.120653 0.405472
0 0.358248 0.492012 0.0233156 0.141157 0.349775
2 0.604299 0.461537 0.0999223 0.0594787 0.345146
2 0.313509 0.460817 0.0418987 0.061283 0.317954
2 0.594213 0.52886 0.069978 0.147216 0.301979
2 0.623549 0.566967 0.0531109 0.115664 0.288906
2 0.46229 0.465905 0.0297366 0.0511472 0.258045
