0 0.140463 0.470687 0.0924954 0.229855 0.866408
3 0.472599 0.631883 0.353799 0.407262 0.855664
0 0.0691617 0.459013 0.0546322 0.257693 0.838379
0 0.927682 0.465473 0.0739864 0.157306 0.811882
0 0.29133 0.461607 0.0261294 0.0878034 0.794297
0 0.831613 0.39089 0.0739712 0.12195 0.720693
0 0.406611 0.402642 0.0657231 0.117381 0.703696
0 0.532138 0.536513 0.165194 0.482317 0.701774
0 0.326471 0.458351 0.0202575 0.0878 0.658207
0 0.43794 0.560307 0.189619 0.539855 0.624975
2 0.0281806 0.578597 0.0563612 0.221847 0.600388
0 0.49857 0.552478 0.230274 0.522643 0.562603
0 0.587071 0.346989 0.0307982 0.0822465 0.316976
0 0.476345 0.414094 0.111798 0.246802 0.276257
