39 0.576018 0.853211 0.104859 0.292792 0.935759
0 0.551956 0.354876 0.64512 0.706605 0.876982
39 0.415666 0.837745 0.11346 0.323679 0.800176
0 0.349363 0.204369 0.0880998 0.090912 0.747618
41 0.306732 0.752175 0.13937 0.25862 0.725025
0 0.259683 0.211641 0.131506 0.0859877 0.688778
41 0.909828 0.828576 0.179902 0.341473 0.678145
40 0.138418 0.332751 0.0585692 0.128328 0.672893
44 0.757408 0.926478 0.104054 0.145846 0.615434
45 0.740233 0.966534 0.202327 0.0652176 0.576505
41 0.204333 0.333523 0.0652052 0.130806 0.561723
60 0.50942 0.819711 0.973622 0.356934 0.518069
54 0.723786 0.452605 0.0794984 0.056783 0.494175
56 0.149682 0.57261 0.182752 0.280222 0.335028
40 0.257586 0.331064 0.0563865 0.126729 0.309883
45 0.740845 0.936809 0.204846 0.125718 0.263525
40 0.176535 0.337567 0.0513737 0.120621 0.250259
