0 0.929853 0.596863 0.139104 0.806274 0.837021
0 0.0713375 0.533417 0.142562 0.465663 0.797981
46 0.486501 0.435138 0.261698 0.337941 0.78454
0 0.195634 0.60192 0.0652358 0.277512 0.675816
2 0.14212 0.798059 0.282377 0.40196 0.656867
0 0.503463 0.622062 0.409863 0.753033 0.604628
0 0.125502 0.499302 0.0995993 0.461953 0.577377
0 0.503854 0.764137 0.409982 0.470257 0.56918
0 0.632734 0.496896 0.0820919 0.476432 0.538352
3 0.0646551 0.620766 0.129147 0.297292 0.427008
0 0.63217 0.400782 0.0712696 0.263681 0.272822
