0 0.549885 0.201525 0.272387 0.240572 0.861
41 0.91703 0.524102 0.104134 0.0959536 0.860283
45 0.431046 0.767907 0.412301 0.215994 0.858106
41 0.624325 0.287205 0.0556411 0.0529409 0.854107
60 0.500534 0.644556 0.998932 0.700157 0.835185
0 0.117191 0.332058 0.234381 0.395117 0.83111
0 0.720444 0.164533 0.171768 0.163499 0.811791
0 0.283479 0.251212 0.238649 0.261468 0.76994
44 0.363705 0.651589 0.0901919 0.232923 0.67306
0 0.904008 0.428178 0.191674 0.123587 0.597921
53 0.299465 0.534558 0.291464 0.0790175 0.536416
41 0.838701 0.325183 0.0712079 0.068849 0.525143
41 0.980982 0.3012 0.0353834 0.0484225 0.483422
44 0.645359 0.727335 0.327258 0.178074 0.45832
56 0.391083 0.228179 0.109003 0.159147 0.454315
39 0.765166 0.310803 0.0436015 0.0615015 0.447666
40 0.427588 0.367082 0.0692968 0.109072 0.446821
39 0.799487 0.297414 0.0383119 0.0934899 0.444995
41 0.845222 0.378134 0.0563775 0.0469561 0.395233
41 0.119183 0.580169 0.0901875 0.100975 0.371036
41 0.938544 0.305659 0.0468986 0.0541216 0.354062
53 0.709621 0.284204 0.0746463 0.0253303 0.317777
39 0.76954 0.301107 0.0539709 0.0822961 0.307652
48 0.597011 0.943962 0.486637 0.110856 0.280185
43 0.773689 0.631104 0.370014 0.12443 0.256838
