0 0.607639 0.755795 0.0905723 0.242625 0.893792
0 0.206002 0.736132 0.0890025 0.29825 0.865063
0 0.502855 0.727329 0.10151 0.306088 0.838991
0 0.85385 0.745537 0.0566408 0.269807 0.820521
29 0.383875 0.542547 0.0329769 0.0189677 0.780515
0 0.447312 0.718995 0.0906771 0.332855 0.776896
0 0.386869 0.714916 0.0832037 0.321752 0.7627
0 0.549498 0.756954 0.0478453 0.214711 0.757124
0 0.341379 0.708376 0.0719437 0.290012 0.742556
2 0.906006 0.778902 0.0709019 0.0515813 0.624406
2 0.803139 0.77859 0.0730362 0.0544261 0.603422
0 0.302601 0.752312 0.0431401 0.107358 0.456077
2 0.979825 0.787015 0.0394819 0.0375448 0.389183
0 0.311633 0.779178 0.0318638 0.163688 0.333284
0 0.306571 0.762651 0.0354901 0.132876 0.29013
