1 0.346484 0.723147 0.490419 0.537436 0.8759
0 0.447185 0.514018 0.251644 0.72487 0.819713
0 0.719156 0.485462 0.0634848 0.196048 0.734096
1 0.709612 0.531655 0.080128 0.152413 0.552762
1 0.945525 0.539504 0.0304508 0.0681521 0.50812
1 0.876066 0.52253 0.0341404 0.0690832 0.500126
1 0.940505 0.536005 0.0368675 0.0738726 0.47065
0 0.880246 0.484747 0.0317348 0.0856639 0.465163
24 0.244318 0.706847 0.148706 0.265586 0.464359
0 0.959129 0.497083 0.0345791 0.109 0.464107
1 0.345807 0.824899 0.484974 0.34069 0.455702
0 0.878079 0.500127 0.0361565 0.113202 0.346797
24 0.693271 0.497666 0.0492515 0.0893759 0.281201
0 0.986929 0.507303 0.0253822 0.0956101 0.272415
