0 0.103345 0.650664 0.055336 0.241848 0.834597
0 0.824798 0.619759 0.0650074 0.26668 0.797115
0 0.872479 0.629163 0.0664207 0.283106 0.792218
5 0.53851 0.530077 0.308265 0.549717 0.780573
2 0.384299 0.598633 0.0229903 0.0581178 0.681297
0 0.697226 0.616825 0.0294785 0.168801 0.5532
0 0.515196 0.461525 0.0482542 0.105316 0.549137
0 0.34105 0.583368 0.0111161 0.042584 0.513828
0 0.0165716 0.640177 0.0330073 0.213256 0.48812
2 0.376572 0.594582 0.0266211 0.0532645 0.371832
2 0.0523864 0.600802 0.0482496 0.0761387 0.296507
0 0.698316 0.586189 0.0288805 0.10869 0.2514
