0 0.455541 0.800376 0.129021 0.387469 0.883902
0 0.88122 0.752315 0.0525516 0.293916 0.773542
0 0.329818 0.677422 0.0406107 0.224127 0.683058
0 0.602548 0.773983 0.0659873 0.208086 0.659015
0 0.270554 0.579247 0.016784 0.115396 0.605009
0 0.739662 0.618908 0.0321501 0.191221 0.598066
30 0.869192 0.894686 0.117365 0.0625819 0.571195
0 0.992139 0.878642 0.0150228 0.242717 0.517462
0 0.983892 0.695161 0.0315296 0.125745 0.503645
0 0.655681 0.611578 0.0177513 0.109533 0.464547
0 0.610931 0.770938 0.0471212 0.203352 0.436716
0 0.693064 0.617487 0.0283051 0.150369 0.434165
0 0.838713 0.560775 0.0148777 0.0868607 0.383895
0 0.797832 0.614016 0.0252749 0.166296 0.382029
30 0.857224 0.905064 0.0913883 0.0539924 0.379205
0 0.371115 0.660681 0.0195272 0.0795103 0.356367
0 0.772756 0.589838 0.0202454 0.11307 0.301294
30 0.615938 0.872074 0.10078 0.0354156 0.301128
0 0.306478 0.571164 0.0163627 0.0617022 0.288614
0 0.551082 0.744524 0.0511783 0.167051 0.265588
