3 0.370356 0.804116 0.694535 0.352018 0.937015
2 0.236144 0.548685 0.336525 0.0926302 0.875045
2 0.0942414 0.651588 0.187881 0.132219 0.812796
2 0.717464 0.580447 0.410824 0.178376 0.801138
2 0.509433 0.527034 0.158614 0.0383711 0.60662
0 0.020377 0.524837 0.0406198 0.0910471 0.587613
2 0.936473 0.582144 0.125971 0.153833 0.568158
2 0.353795 0.52605 0.150163 0.062417 0.443125
2 0.458524 0.566462 0.186202 0.0944044 0.442328
7 0.937683 0.582475 0.123606 0.153562 0.377481
2 0.113513 0.52272 0.166835 0.087096 0.309564
2 0.414374 0.552772 0.275488 0.116266 0.275185
0 0.0114998 0.521973 0.0229995 0.0949682 0.270767
