0 0.705675 0.31317 0.0887243 0.276124 0.86547
0 0.931718 0.45453 0.10672 0.391414 0.834695
0 0.131016 0.318995 0.192659 0.491816 0.785909
0 0.859706 0.409299 0.0913002 0.443348 0.780839
0 0.222018 0.294927 0.0659789 0.337949 0.775094
0 0.348793 0.309485 0.0808675 0.160297 0.761998
0 0.448345 0.290384 0.068017 0.19263 0.759189
0 0.500386 0.309395 0.0623154 0.164546 0.73694
0 0.0389497 0.485856 0.0777365 0.503905 0.726898
0 0.776221 0.330206 0.0934231 0.344707 0.668553
0 0.289631 0.297938 0.056372 0.19734 0.573941
24 0.706689 0.291019 0.0458793 0.119573 0.511293
47 0.673808 0.886271 0.43429 0.227458 0.446022
47 0.690677 0.720679 0.156148 0.132219 0.421572
47 0.539161 0.72292 0.160529 0.145616 0.391387
0 0.58014 0.244013 0.035646 0.117288 0.348223
0 0.920565 0.254559 0.0537165 0.146715 0.307602
0 0.314961 0.295674 0.033276 0.187999 0.296712
0 0.315808 0.260855 0.0308095 0.117571 0.281999
5 0.453649 0.169276 0.239843 0.068299 0.273083
2 0.357622 0.242978 0.0664878 0.0899925 0.251738
