56 0.39078 0.756711 0.150522 0.448146 0.915154
56 0.500685 0.686315 0.112232 0.313717 0.859035
56 0.875436 0.664393 0.115905 0.0855785 0.853934
56 0.588296 0.627446 0.0818083 0.207982 0.842017
56 0.632674 0.882182 0.211296 0.229918 0.840247
0 0.451014 0.462202 0.0685146 0.14082 0.800424
0 0.503728 0.455414 0.051528 0.145386 0.647321
60 0.741124 0.833152 0.513938 0.323381 0.607557
60 0.754189 0.75549 0.490455 0.170339 0.531485
39 0.903656 0.559692 0.0138813 0.054965 0.42671
63 0.081708 0.48708 0.161828 0.155079 0.350127
72 0.826449 0.488663 0.0586421 0.295676 0.314497
56 0.804149 0.655654 0.0427704 0.0615983 0.291806
56 0.828261 0.596716 0.0541576 0.0499592 0.278087
