3 0.540876 0.617996 0.520362 0.588306 0.929359
0 0.582237 0.454025 0.306614 0.638934 0.865805
0 0.945033 0.412456 0.0738266 0.146281 0.773455
0 0.041735 0.49434 0.0635141 0.405993 0.732188
0 0.842074 0.391553 0.0817093 0.152699 0.726335
0 0.319738 0.419967 0.0514333 0.0884029 0.699839
0 0.0941598 0.519507 0.0597505 0.33437 0.659728
0 0.679074 0.372627 0.0467905 0.109993 0.626967
0 0.139251 0.397459 0.0771767 0.224683 0.625325
0 0.24877 0.42228 0.0558384 0.0801322 0.608286
0 0.801093 0.384031 0.053014 0.149596 0.595299
0 0.980607 0.4134 0.0380592 0.150736 0.571787
0 0.186114 0.429164 0.0349731 0.0805428 0.556949
0 0.748638 0.3923 0.0563013 0.126876 0.476541
0 0.215941 0.435395 0.0332203 0.0511712 0.461546
0 0.73164 0.392105 0.0920198 0.128042 0.38064
