25 0.142978 0.124339 0.285955 0.248679 0.919894
0 0.152584 0.592523 0.210225 0.792654 0.916685
25 0.441553 0.109461 0.285681 0.218923 0.815712
0 0.466244 0.487051 0.14904 0.633361 0.760215
2 0.326587 0.276647 0.265036 0.309676 0.649896
0 0.812494 0.777865 0.373709 0.423637 0.484548
0 0.812532 0.587341 0.373362 0.807773 0.484417
0 0.915313 0.497082 0.168681 0.587981 0.44504
26 0.402791 0.391419 0.0658085 0.209295 0.444157
47 0.742461 0.702148 0.227532 0.308704 0.399031
2 0.571728 0.202018 0.0762339 0.147213 0.355592
0 0.758323 0.874938 0.271435 0.232499 0.316459
