0 0.232758 0.404483 0.127725 0.24406 0.832752
63 0.330193 0.482556 0.0821588 0.118701 0.740275
56 0.628669 0.562874 0.0712721 0.0874647 0.694629
56 0.4473 0.579695 0.140829 0.147038 0.638984
39 0.979254 0.561108 0.0406443 0.153888 0.597641
56 0.236917 0.743907 0.274523 0.481908 0.512845
60 0.632876 0.74713 0.734249 0.288258 0.512657
56 0.534032 0.564134 0.0509725 0.12731 0.460274
39 0.874491 0.52654 0.0832321 0.263862 0.399966
56 0.341136 0.586115 0.0701412 0.155736 0.322229
56 0.0540654 0.709121 0.107945 0.439107 0.314219
56 0.0278925 0.713266 0.0556037 0.440804 0.295709
60 0.628856 0.688867 0.737488 0.172472 0.295244
56 0.202964 0.6862 0.202797 0.353375 0.271462
