2 0.598285 0.729471 0.204558 0.219439 0.908874
0 0.0332801 0.677125 0.052266 0.1607 0.872707
0 0.176573 0.683827 0.122019 0.424206 0.84514
2 0.831949 0.650134 0.0445587 0.0420731 0.795121
2 0.379421 0.708896 0.251359 0.316073 0.750657
2 0.760694 0.678668 0.0777439 0.0938253 0.733735
3 0.0978565 0.744137 0.0754642 0.207192 0.723252
1 0.169144 0.85261 0.0729234 0.219443 0.498397
0 0.27171 0.616665 0.0487049 0.162209 0.414972
2 0.633702 0.634131 0.108076 0.0726212 0.392976
0 0.271619 0.649382 0.0492681 0.229895 0.358537
2 0.974755 0.640619 0.0404366 0.0407104 0.353628
9 0.617865 0.544393 0.0187696 0.0742284 0.329001
