0 0.49829 0.746171 0.319523 0.507611 0.916753
0 0.902606 0.736338 0.15836 0.525769 0.865505
2 0.75271 0.686006 0.179783 0.114204 0.612639
2 0.234435 0.529211 0.0851896 0.0467672 0.608696
13 0.56759 0.845923 0.18166 0.306305 0.529938
2 0.379487 0.581663 0.0724288 0.0602378 0.48151
56 0.566682 0.846345 0.184077 0.305923 0.339859
26 0.451361 0.751382 0.0640452 0.0704534 0.321715
13 0.734026 0.843974 0.531947 0.311008 0.308791
2 0.686796 0.66254 0.0746738 0.0785276 0.296504
2 0.794463 0.688759 0.0970352 0.107929 0.295518
2 0.262575 0.540766 0.0506659 0.0585508 0.277066
