2 0.790226 0.730891 0.418765 0.52136 0.952233
2 0.740095 0.444859 0.198725 0.222893 0.937255
5 0.534001 0.271515 0.170686 0.252961 0.90574
0 0.196098 0.51515 0.154419 0.397963 0.844278
2 0.414151 0.320888 0.0766205 0.098391 0.814791
2 0.0375762 0.474091 0.0748343 0.251603 0.812597
2 0.908517 0.404703 0.160375 0.16784 0.795134
3 0.215079 0.610592 0.388348 0.323558 0.762013
2 0.690989 0.313074 0.093421 0.106093 0.747948
2 0.337591 0.32408 0.0578604 0.102422 0.745023
2 0.0789636 0.451795 0.0950149 0.214887 0.742698
2 0.778639 0.295834 0.0820152 0.103983 0.716428
2 0.292486 0.328855 0.0813357 0.11301 0.692133
2 0.657288 0.226239 0.0497278 0.0661143 0.6846
2 0.101609 0.409098 0.126216 0.162806 0.678088
2 0.0974052 0.450206 0.129097 0.230557 0.672882
2 0.229708 0.360539 0.159632 0.126302 0.671945
2 0.2724 0.358568 0.0755884 0.132457 0.665962
2 0.64641 0.165468 0.0371241 0.0454444 0.542769
2 0.973631 0.337543 0.0516779 0.0643852 0.516088
2 0.935452 0.316744 0.0676201 0.0451058 0.500424
2 0.347938 0.318787 0.0707026 0.107013 0.481669
2 0.622211 0.101878 0.0316942 0.0407142 0.44279
0 0.0973393 0.306089 0.0278929 0.0526526 0.425807
0 0.973241 0.406465 0.0535186 0.165043 0.39365
7 0.8266 0.25464 0.108509 0.0933778 0.387487
2 0.874773 0.324964 0.108412 0.121656 0.381307
7 0.714445 0.170065 0.068384 0.132775 0.345058
2 0.703909 0.270897 0.0810842 0.0705081 0.340868
0 0.0307977 0.31379 0.0224918 0.0600672 0.296158
5 0.715037 0.170339 0.0665705 0.135097 0.288498
2 0.410518 0.258412 0.0686465 0.0280428 0.260992
2 0.410129 0.276439 0.0718363 0.0627166 0.252196
