41 0.266114 0.682363 0.261496 0.192082 0.963151
0 0.467774 0.257246 0.561419 0.512948 0.93495
54 0.648003 0.72379 0.232251 0.158616 0.888861
41 0.276483 0.515097 0.130529 0.158161 0.887121
60 0.499969 0.711703 0.996649 0.564838 0.800286
54 0.48579 0.533189 0.112484 0.0645544 0.629518
56 0.0617974 0.381272 0.123588 0.246608 0.434648
0 0.961068 0.308578 0.0760557 0.286575 0.381811
0 0.906455 0.311631 0.151529 0.294766 0.315862
54 0.431059 0.869918 0.355527 0.255988 0.304552
0 0.0868235 0.15919 0.109337 0.0904514 0.29798
0 0.961735 0.244795 0.0755348 0.159942 0.293801
