25 0.199448 0.521908 0.393191 0.338354 0.650885
25 0.0216625 0.392536 0.04322 0.0479842 0.628792
0 0.597183 0.549903 0.049736 0.0710155 0.613725
0 0.54401 0.517267 0.0347034 0.0905937 0.505845
56 0.385021 0.6173 0.113254 0.136948 0.490659
25 0.822545 0.415259 0.353037 0.206613 0.489588
56 0.0799434 0.574357 0.0725936 0.109606 0.484449
0 0.960389 0.58174 0.0250061 0.045863 0.481193
0 0.860896 0.679377 0.130067 0.0919253 0.463545
25 0.470438 0.483079 0.194426 0.158672 0.459954
0 0.507488 0.522774 0.0281513 0.0809812 0.444468
25 0.635035 0.451543 0.110738 0.07027 0.425133
56 0.488476 0.635953 0.133294 0.155685 0.424485
56 0.133187 0.581619 0.0646065 0.106847 0.399758
56 0.593988 0.646305 0.102154 0.119078 0.388795
25 0.471105 0.439389 0.191715 0.0710802 0.383996
0 0.543049 0.50737 0.0316367 0.0693185 0.383658
0 0.208007 0.764598 0.122258 0.160724 0.379267
56 0.566432 0.641924 0.15504 0.13721 0.36469
56 0.468394 0.631808 0.0913752 0.148276 0.35712
56 0.313379 0.604023 0.0763506 0.117818 0.357079
56 0.69725 0.686538 0.0689861 0.122378 0.340569
56 0.788862 0.555581 0.0412429 0.0711573 0.333119
25 0.200407 0.427313 0.400813 0.149713 0.322783
56 0.520714 0.636579 0.197303 0.156925 0.317004
56 0.834797 0.677051 0.228434 0.209897 0.316856
56 0.349516 0.844063 0.561383 0.3107 0.307541
0 0.673647 0.550828 0.0277952 0.0470726 0.299795
0 0.440607 0.519801 0.0413153 0.0789404 0.282633
56 0.242492 0.844379 0.342267 0.310697 0.276714
0 0.360187 0.512564 0.0295097 0.0651103 0.274846
0 0.395798 0.512658 0.0215348 0.070887 0.272271
56 0.0305942 0.559823 0.0611885 0.105745 0.260176
25 0.357362 0.444331 0.0821691 0.0759233 0.255136
