0 0.177133 0.889835 0.353517 0.21892 0.84199
0 0.203209 0.676861 0.363282 0.522301 0.824356
0 0.679361 0.558564 0.224081 0.339839 0.82294
40 0.177257 0.829405 0.0587374 0.136444 0.704458
0 0.512744 0.473087 0.114863 0.218925 0.699122
0 0.845305 0.777579 0.307841 0.442654 0.682479
25 0.597046 0.227164 0.0851618 0.440446 0.659238
0 0.751117 0.621104 0.301903 0.377421 0.592128
0 0.343538 0.528869 0.16307 0.363819 0.57852
0 0.768991 0.779109 0.461734 0.440228 0.554241
0 0.249856 0.65171 0.271944 0.497789 0.553568
0 0.911077 0.568657 0.177845 0.28915 0.500079
40 0.790511 0.748239 0.0673961 0.185803 0.488825
40 0.79319 0.716658 0.0625626 0.12189 0.485747
56 0.111492 0.754742 0.222984 0.199743 0.485658
40 0.733049 0.649977 0.0385273 0.117715 0.485325
39 0.486827 0.567079 0.0257353 0.0888126 0.472993
60 0.475615 0.790209 0.235864 0.414125 0.436818
56 0.326029 0.560097 0.188068 0.300891 0.365044
0 0.248561 0.578097 0.266232 0.357342 0.362069
41 0.521041 0.775551 0.0322676 0.0712529 0.30551
56 0.269755 0.481778 0.0692334 0.142544 0.287385
0 0.714729 0.797209 0.238133 0.287705 0.280954
39 0.487406 0.582004 0.0270226 0.122948 0.272405
0 0.221888 0.530785 0.215784 0.265546 0.261073
73 0.253385 0.65442 0.112375 0.0507487 0.254027
