40 0.0694399 0.285586 0.138245 0.47424 0.88443
53 0.54484 0.568858 0.75813 0.565847 0.761848
40 0.33062 0.0963352 0.0898951 0.191501 0.675413
60 0.490888 0.499357 0.979243 0.985666 0.670895
39 0.153521 0.189783 0.153054 0.379566 0.592983
40 0.365419 0.0816217 0.0574848 0.163243 0.483701
39 0.120358 0.194185 0.218169 0.388091 0.441872
0 0.928958 0.336402 0.141264 0.301767 0.430355
42 0.427695 0.186293 0.0944514 0.06506 0.391148
45 0.0149276 0.49677 0.0296723 0.111188 0.353349
0 0.880903 0.111037 0.237968 0.188007 0.335532
40 0.0509257 0.302535 0.101655 0.454144 0.258498
