0 0.70273 0.497964 0.547507 0.965412 0.90472
45 0.203553 0.881235 0.0953863 0.116303 0.835709
41 0.396468 0.947085 0.0738465 0.105829 0.821451
41 0.296171 0.944633 0.0740521 0.109123 0.810371
13 0.395263 0.437845 0.29439 0.370761 0.791844
41 0.406162 0.734437 0.0769838 0.0944439 0.774496
39 0.201232 0.610276 0.0573727 0.25882 0.583041
39 0.152993 0.746832 0.0750638 0.193672 0.546633
41 0.39638 0.733076 0.0557637 0.0910362 0.527403
41 0.359628 0.827351 0.0591643 0.116878 0.473956
39 0.199457 0.557798 0.054543 0.154834 0.452402
60 0.283745 0.812323 0.540185 0.349155 0.411901
13 0.894524 0.631727 0.210014 0.708367 0.398983
39 0.291355 0.63302 0.0511374 0.177183 0.273768
