0 0.805162 0.620136 0.0993413 0.267574 0.912634
0 0.0510703 0.636435 0.0854594 0.173612 0.871276
0 0.16164 0.340561 0.0487641 0.157801 0.829588
0 0.29678 0.256749 0.0333198 0.124119 0.738009
0 0.171088 0.599692 0.0507201 0.179672 0.701519
38 0.18692 0.31714 0.0262855 0.0231164 0.638377
0 0.732334 0.32466 0.0320066 0.110208 0.45514
0 0.771972 0.25232 0.0351003 0.075067 0.353776
0 0.638067 0.200098 0.0238747 0.0779967 0.337068
56 0.834139 0.288765 0.0290539 0.0368597 0.330714
32 0.613924 0.472183 0.0113481 0.0113777 0.279713
0 0.90464 0.313313 0.037443 0.0598023 0.270245
