0 0.242368 0.709771 0.302725 0.564982 0.8907
0 0.746187 0.590009 0.262503 0.533984 0.874596
0 0.523371 0.357862 0.0931644 0.16232 0.868723
0 0.414542 0.49683 0.244552 0.400405 0.856381
40 0.604153 0.684896 0.0458141 0.145588 0.829453
56 0.0342293 0.611971 0.0683025 0.277041 0.778381
40 0.50513 0.710842 0.0484047 0.15123 0.767027
56 0.136867 0.552221 0.127874 0.224372 0.682266
60 0.59253 0.694573 0.553223 0.579224 0.628184
0 0.0303521 0.3946 0.0604837 0.103601 0.605359
0 0.105228 0.427772 0.126657 0.236972 0.604955
0 0.616763 0.461089 0.0821167 0.202507 0.531102
41 0.546736 0.637864 0.0408519 0.0729476 0.510334
41 0.497364 0.603461 0.0402516 0.0753981 0.49965
57 0.891003 0.696211 0.217325 0.57646 0.48312
0 0.663717 0.465429 0.0921322 0.251276 0.441496
0 0.439182 0.427361 0.0917573 0.237958 0.410508
0 0.180539 0.377434 0.0507524 0.113764 0.405894
40 0.580386 0.514791 0.0224888 0.0765491 0.378441
0 0.24742 0.396517 0.0887772 0.0973183 0.29526
0 0.10704 0.477306 0.129243 0.336582 0.294024
57 0.812159 0.695419 0.375682 0.578505 0.287396
60 0.584754 0.785233 0.564414 0.404316 0.2834
40 0.494457 0.607786 0.0334039 0.0821701 0.276787
0 0.640732 0.467851 0.131316 0.23367 0.275572
0 0.215489 0.364675 0.0406475 0.0822785 0.261952
