39 0.343825 0.648879 0.144901 0.412729 0.812975
0 0.718974 0.103314 0.0814529 0.206203 0.722283
0 0.586498 0.54672 0.379862 0.902197 0.645319
0 0.713605 0.549329 0.570493 0.896875 0.609187
0 0.830754 0.142985 0.14996 0.285813 0.593782
0 0.91919 0.134544 0.160636 0.268286 0.575505
52 0.449014 0.969251 0.106422 0.0604897 0.474051
60 0.309578 0.844928 0.617645 0.307848 0.449519
56 0.864429 0.38925 0.270518 0.273479 0.421093
24 0.27864 0.374231 0.505549 0.72236 0.35399
59 0.507746 0.501882 0.984508 0.98267 0.337185
56 0.0498349 0.0745474 0.0993802 0.14839 0.327116
0 0.40251 0.531933 0.758057 0.931735 0.310033
