39 0.429068 0.168417 0.0868668 0.336834 0.928095
39 0.645832 0.184046 0.103353 0.366704 0.902449
40 0.739477 0.392196 0.132791 0.302673 0.875181
45 0.27749 0.43128 0.3065 0.340906 0.857531
40 0.562268 0.350059 0.104695 0.259464 0.845893
43 0.466341 0.645837 0.2084 0.187665 0.787234
60 0.499376 0.491669 0.991656 0.978161 0.757188
53 0.569648 0.673015 0.342862 0.363376 0.529482
43 0.245629 0.663798 0.283484 0.0685013 0.422556
44 0.309835 0.476293 0.063165 0.27111 0.350084
0 0.213508 0.820641 0.425326 0.35536 0.296063
