7 0.711737 0.426437 0.274069 0.524182 0.940494
2 0.898539 0.596308 0.202231 0.321145 0.898663
0 0.0952994 0.564807 0.0653466 0.287845 0.883272
5 0.401346 0.456901 0.188058 0.359996 0.84258
0 0.491235 0.528198 0.0443955 0.2314 0.801943
0 0.245647 0.582621 0.0843636 0.299411 0.756229
0 0.289347 0.587046 0.0785346 0.287677 0.634698
0 0.540876 0.516488 0.0540213 0.15897 0.537843
0 0.141745 0.543978 0.0287484 0.106215 0.503371
0 0.162791 0.549348 0.0251208 0.0952885 0.444343
0 0.0115468 0.509242 0.0229418 0.135259 0.421011
0 0.273032 0.590237 0.110203 0.280708 0.342864
0 0.209485 0.538867 0.0252962 0.104368 0.329086
