0 0.512253 0.752404 0.139311 0.281548 0.880591
0 0.926471 0.769595 0.054074 0.105624 0.74625
0 0.878419 0.77162 0.0415891 0.0965103 0.733536
0 0.365984 0.752833 0.0366095 0.083252 0.674579
9 0.566151 0.366696 0.0454913 0.0797408 0.616466
0 0.112312 0.742278 0.0326626 0.0767277 0.52545
0 0.229977 0.734746 0.0264586 0.0674712 0.513164
2 0.0280669 0.765004 0.0558329 0.08907 0.468062
0 0.988287 0.76712 0.0224461 0.0663876 0.449949
0 0.0768582 0.741082 0.0413272 0.071073 0.325364
9 0.69304 0.61879 0.0273565 0.0399935 0.269704
