0 0.232531 0.620101 0.163752 0.353621 0.826044
5 0.873169 0.425217 0.252268 0.421344 0.809809
0 0.667376 0.565689 0.0481083 0.28892 0.789774
0 0.706835 0.58021 0.0920663 0.282129 0.786176
0 0.364484 0.505917 0.0463168 0.197882 0.734599
56 0.185706 0.711169 0.1435 0.249031 0.713525
0 0.0200571 0.575845 0.0398489 0.311709 0.665231
2 0.610067 0.469705 0.0852663 0.0522425 0.650579
2 0.553683 0.490117 0.140048 0.0778636 0.633151
0 0.281364 0.456168 0.0442876 0.108336 0.617013
2 0.738247 0.471077 0.0325327 0.0468608 0.597255
0 0.0767625 0.556911 0.07202 0.202052 0.429239
26 0.744245 0.546337 0.0217918 0.0715898 0.363256
56 0.0859478 0.628929 0.0721156 0.153049 0.328928
5 0.245042 0.418458 0.481768 0.348758 0.283
