0 0.654743 0.501879 0.110795 0.242541 0.906235
0 0.829931 0.517675 0.111253 0.361165 0.892282
0 0.170359 0.462526 0.180526 0.420993 0.889285
0 0.353656 0.472426 0.124737 0.317132 0.873357
0 0.258426 0.469981 0.110183 0.327127 0.796041
0 0.506988 0.507645 0.036339 0.094368 0.746019
37 0.3893 0.631546 0.292739 0.0489766 0.57954
37 0.653498 0.632295 0.0886246 0.0423565 0.533952
37 0.243989 0.644977 0.425099 0.0598513 0.472633
0 0.577114 0.524275 0.0214306 0.0532393 0.348361
56 0.020744 0.49082 0.0411407 0.0511748 0.313835
37 0.287337 0.637909 0.504405 0.0521847 0.294034
