33 0.592832 0.326491 0.0742989 0.136613 0.766322
0 0.850197 0.822221 0.0534405 0.109592 0.723724
33 0.493463 0.25588 0.152243 0.138472 0.711542
33 0.648495 0.347929 0.0774208 0.161338 0.613021
33 0.962237 0.237955 0.0742272 0.068882 0.577444
33 0.202673 0.367555 0.210257 0.24253 0.574996
33 0.898328 0.192203 0.107589 0.0982326 0.494776
33 0.361959 0.169639 0.0645908 0.0852246 0.491149
0 0.572912 0.537947 0.0223164 0.0751214 0.432791
0 0.655435 0.508198 0.0174768 0.0647025 0.426291
33 0.228141 0.170023 0.17076 0.119835 0.417145
0 0.490019 0.680238 0.0292688 0.1373 0.414525
33 0.406944 0.233665 0.0943313 0.0837112 0.384448
33 0.770772 0.310788 0.0668082 0.0646364 0.30485
25 0.980652 0.693145 0.0378616 0.118272 0.298878
33 0.386989 0.235488 0.135335 0.0866798 0.266494
37 0.980696 0.693885 0.0377409 0.118354 0.262304
