0 0.510203 0.402051 0.137991 0.279116 0.854639
2 0.347656 0.409971 0.0555932 0.151783 0.712463
2 0.919313 0.606231 0.149008 0.169877 0.68385
2 0.12752 0.537112 0.253865 0.900966 0.626097
0 0.616926 0.396104 0.146643 0.196988 0.551855
28 0.470821 0.717795 0.111965 0.147004 0.545988
2 0.232504 0.371464 0.222983 0.394041 0.536022
28 0.572626 0.557245 0.273935 0.181725 0.528911
2 0.973442 0.623415 0.0522884 0.188285 0.509659
7 0.837261 0.433678 0.32385 0.860704 0.485927
7 0.565294 0.410945 0.330221 0.351005 0.397799
28 0.571261 0.677283 0.101133 0.209365 0.325772
0 0.583396 0.387114 0.0787945 0.170959 0.300439
2 0.395187 0.394898 0.0280162 0.0837867 0.251544
