62 0.23474 0.800177 0.295335 0.399645 0.918654
0 0.214254 0.45095 0.172035 0.379311 0.906829
0 0.715641 0.637655 0.165058 0.598054 0.897162
41 0.500545 0.926003 0.0513244 0.0987618 0.891617
39 0.577968 0.926814 0.0378531 0.144595 0.851746
0 0.59056 0.704717 0.11176 0.388754 0.814045
39 0.453014 0.888671 0.0357091 0.131864 0.797272
63 0.0784748 0.953035 0.15695 0.0930165 0.786155
0 0.354801 0.525443 0.163657 0.510002 0.779588
39 0.441947 0.76838 0.0316523 0.130925 0.605459
40 0.48316 0.798151 0.0304203 0.0664093 0.343847
39 0.444952 0.752312 0.0259553 0.102433 0.282428
