0 0.426261 0.61455 0.469608 0.35589 0.907941
2 0.782266 0.261321 0.204691 0.0720611 0.743201
0 0.816906 0.490391 0.131005 0.118622 0.700045
35 0.239541 0.563694 0.100564 0.033124 0.68416
35 0.517107 0.633476 0.0927732 0.038004 0.68009
0 0.631649 0.347728 0.103731 0.0995619 0.593026
0 0.898026 0.525654 0.109079 0.0846321 0.584837
0 0.280141 0.503435 0.104384 0.0715206 0.520298
0 0.620948 0.252918 0.0564021 0.0879233 0.407093
0 0.10946 0.49305 0.0445531 0.0980734 0.397661
0 0.549307 0.260231 0.0517799 0.109956 0.390584
0 0.794521 0.412355 0.0539535 0.067051 0.353826
7 0.454311 0.262688 0.157092 0.10349 0.280378
