0 0.0541927 0.279159 0.0771237 0.153213 0.847288
25 0.48629 0.776475 0.971934 0.438078 0.709925
0 0.369758 0.188764 0.0394618 0.0762292 0.682234
0 0.484901 0.194544 0.0286361 0.0698525 0.58362
0 0.420801 0.195324 0.0297394 0.07239 0.552131
2 0.76084 0.193784 0.0555392 0.0625288 0.463955
7 0.839187 0.194441 0.207991 0.131921 0.457638
3 0.736604 0.245657 0.234479 0.0959047 0.448409
1 0.18465 0.301181 0.0850465 0.07722 0.430961
3 0.736436 0.294316 0.254004 0.132066 0.405761
3 0.666379 0.35842 0.41725 0.163954 0.374783
3 0.719184 0.363914 0.320717 0.152137 0.373602
0 0.550428 0.179926 0.0246699 0.0742445 0.279622
7 0.96808 0.138782 0.0626546 0.114224 0.277823
