2 0.832307 0.884544 0.333937 0.227699 0.865731
0 0.0841297 0.81202 0.16798 0.368977 0.860213
3 0.137191 0.870743 0.274301 0.248268 0.856929
3 0.544641 0.887524 0.276073 0.219143 0.816676
0 0.846211 0.772941 0.137938 0.24557 0.810303
0 0.736214 0.795135 0.12765 0.300751 0.787736
0 0.555682 0.833214 0.118252 0.319977 0.685042
0 0.467679 0.832273 0.0841915 0.29553 0.61928
2 0.962532 0.744439 0.0739563 0.154683 0.615072
0 0.425705 0.711088 0.0387306 0.118693 0.525075
0 0.206068 0.664144 0.0195644 0.052414 0.381761
0 0.412782 0.704123 0.0209578 0.0982031 0.378543
2 0.390537 0.698963 0.043394 0.0768071 0.376286
0 0.416061 0.708114 0.0272524 0.113394 0.354578
0 0.429385 0.701128 0.0303697 0.100766 0.309273
0 0.452298 0.690579 0.0218361 0.0792046 0.300904
2 0.385667 0.691157 0.0498013 0.0937543 0.258496
