36 0.301024 0.697782 0.180656 0.339925 0.927218
0 0.318785 0.344687 0.316682 0.622755 0.908534
0 0.815472 0.512115 0.110366 0.426451 0.887703
0 0.724718 0.509264 0.074893 0.311364 0.859633
0 0.0365731 0.507917 0.0640413 0.308628 0.795965
0 0.640667 0.512739 0.0445407 0.31064 0.6983
2 0.875815 0.465799 0.0559196 0.0691553 0.693169
2 0.498795 0.509526 0.182284 0.158347 0.690332
2 0.918815 0.474296 0.0370182 0.0547816 0.655692
0 0.595566 0.502404 0.0608793 0.331537 0.64712
0 0.409886 0.472027 0.0274759 0.0981195 0.57813
2 0.549167 0.506239 0.280872 0.163678 0.551905
2 0.11943 0.5329 0.237711 0.2432 0.54192
9 0.81838 0.195196 0.0565727 0.0735626 0.54131
9 0.748501 0.193311 0.0461835 0.0749153 0.521065
24 0.733762 0.463175 0.0491866 0.122853 0.519842
0 0.371564 0.471661 0.0279434 0.0722084 0.519078
0 0.212801 0.511965 0.0702576 0.302499 0.502988
2 0.978151 0.469512 0.0413399 0.0519614 0.448282
0 0.144014 0.384392 0.042187 0.0513564 0.445049
2 0.972081 0.470514 0.0255119 0.0493788 0.340578
2 0.53874 0.415002 0.0539236 0.0417466 0.308015
0 0.993909 0.524135 0.0115131 0.106837 0.299123
