38 0.330562 0.173454 0.157603 0.245228 0.894935
0 0.436443 0.477532 0.388547 0.865862 0.875742
56 0.158831 0.431687 0.156556 0.0400738 0.713137
56 0.872242 0.160517 0.123867 0.0532309 0.405226
56 0.720862 0.0860844 0.123921 0.0904721 0.405124
56 0.827088 0.103376 0.115413 0.0627337 0.375059
56 0.644336 0.03328 0.114727 0.0413068 0.361659
56 0.910585 0.268576 0.172772 0.12899 0.354091
56 0.767434 0.124506 0.12538 0.0435375 0.352995
56 0.821219 0.195817 0.123502 0.0472988 0.327056
56 0.927599 0.132437 0.127004 0.068044 0.326565
56 0.783666 0.0269828 0.111521 0.0359822 0.315061
56 0.871797 0.0682881 0.117081 0.0649755 0.28484
56 0.917531 0.22954 0.128617 0.0520679 0.252271
