2 0.91796 0.686353 0.159209 0.312566 0.895513
2 0.848422 0.645791 0.285683 0.232828 0.894304
2 0.296615 0.640721 0.363208 0.210207 0.889465
2 0.143735 0.454155 0.0839634 0.0520747 0.850248
2 0.746381 0.611401 0.261883 0.199132 0.847574
9 0.364192 0.297873 0.0313046 0.0793303 0.771647
9 0.716236 0.296837 0.0332074 0.0576699 0.761823
2 0.136676 0.565577 0.113837 0.0786076 0.725176
0 0.0676008 0.581378 0.0474068 0.0868923 0.69423
2 0.320109 0.397583 0.054664 0.0299383 0.69364
2 0.0296117 0.497244 0.0592233 0.0628325 0.438656
2 0.0192668 0.546122 0.0385337 0.0814667 0.437508
2 0.242436 0.379387 0.0255811 0.00855598 0.318442
2 0.165609 0.52272 0.0851991 0.0267647 0.268779
