74 0.514852 0.264231 0.0839235 0.0562693 0.88158
0 0.175508 0.738715 0.0546799 0.108867 0.735353
2 0.789277 0.74261 0.245368 0.0913519 0.642726
0 0.0899858 0.74406 0.0375267 0.112638 0.599844
0 0.86509 0.748179 0.0772766 0.111833 0.539558
0 0.224058 0.716521 0.0192441 0.0334656 0.438354
0 0.948379 0.726471 0.0310424 0.0436321 0.424878
0 0.982119 0.728056 0.0297283 0.0400764 0.401182
9 0.970154 0.670329 0.0151231 0.0249609 0.385561
2 0.0983054 0.717936 0.180007 0.0617554 0.381239
9 0.955506 0.664069 0.0212013 0.0454004 0.358254
0 0.948376 0.739764 0.0318045 0.0710115 0.343584
2 0.681109 0.741798 0.0594152 0.0514526 0.305957
9 0.808996 0.599037 0.0379721 0.0649514 0.298057
0 0.197213 0.737137 0.0284177 0.106787 0.273206
9 0.872307 0.642069 0.0408677 0.0703987 0.269883
