0 0.511945 0.400254 0.138962 0.280268 0.856847
2 0.347358 0.409222 0.0553955 0.150092 0.740209
2 0.12874 0.537284 0.256668 0.902284 0.688096
2 0.922119 0.606644 0.149117 0.173783 0.673454
28 0.47009 0.717848 0.111143 0.147503 0.644875
0 0.619419 0.397519 0.148625 0.201231 0.592788
28 0.56983 0.557987 0.277795 0.182505 0.592258
7 0.564381 0.401751 0.331253 0.344929 0.477185
28 0.570609 0.673881 0.102224 0.206181 0.470708
2 0.97293 0.628268 0.0532948 0.178561 0.466907
2 0.234525 0.371951 0.219436 0.392841 0.458386
2 0.808404 0.588563 0.0884327 0.160188 0.406292
2 0.395926 0.394525 0.0316707 0.0816622 0.405212
0 0.583623 0.386736 0.0792065 0.170358 0.334815
2 0.83731 0.67272 0.323977 0.644901 0.266322
