0 0.42959 0.882326 0.107605 0.231445 0.870997
2 0.734569 0.842192 0.288083 0.094142 0.588538
26 0.383495 0.841722 0.0704599 0.0821213 0.544137
9 0.926733 0.643833 0.047912 0.0518608 0.453522
0 0.733986 0.83404 0.0420497 0.0422558 0.389433
2 0.0612822 0.846948 0.121617 0.0609058 0.344278
2 0.6369 0.855123 0.0917704 0.0783695 0.342993
1 0.73932 0.86945 0.152083 0.0671638 0.335378
9 0.972922 0.744179 0.0189593 0.024412 0.329444
0 0.860077 0.817978 0.0292564 0.0381523 0.286325
0 0.827899 0.81777 0.0194542 0.0354538 0.27235
