11 0.305792 0.362346 0.197748 0.310411 0.982575
2 0.453347 0.949456 0.0916533 0.100595 0.798839
0 0.83421 0.947925 0.0333446 0.10415 0.726948
2 0.533682 0.954828 0.0720632 0.0810345 0.665611
0 0.870227 0.94603 0.0241608 0.104822 0.63839
2 0.601595 0.94521 0.0722187 0.0893608 0.632401
2 0.36705 0.944028 0.118489 0.110584 0.576951
2 0.219499 0.966617 0.139928 0.0667658 0.567269
2 0.705374 0.953973 0.188219 0.0920545 0.528566
0 0.811235 0.935347 0.021907 0.0783219 0.353315
2 0.198119 0.97932 0.0974211 0.0389379 0.283834
0 0.790819 0.948942 0.0509541 0.101282 0.257095
2 0.660027 0.957527 0.0986631 0.0841106 0.255979
