39 0.776504 0.819611 0.132822 0.247952 0.890577
39 0.421194 0.844775 0.117362 0.308573 0.869771
39 0.305809 0.825706 0.112317 0.311642 0.842625
39 0.0517367 0.695347 0.0941371 0.221593 0.777906
0 0.389172 0.366967 0.217951 0.20374 0.777096
39 0.564679 0.880163 0.140728 0.224178 0.762055
0 0.862367 0.485865 0.273487 0.576041 0.740689
60 0.504636 0.717121 0.984091 0.556924 0.689898
0 0.0693032 0.544585 0.138156 0.269044 0.570659
0 0.242017 0.2888 0.13998 0.183446 0.553377
0 0.206596 0.434496 0.411903 0.470915 0.51985
39 0.352859 0.730424 0.0713177 0.180319 0.519069
45 0.561253 0.745653 0.388337 0.177621 0.508443
0 0.294525 0.327628 0.112089 0.143121 0.482039
45 0.534426 0.543959 0.24091 0.108067 0.426169
0 0.78534 0.339498 0.150833 0.138524 0.423516
0 0.265143 0.346421 0.202885 0.299233 0.345006
56 0.592913 0.420989 0.108825 0.0785598 0.282763
60 0.500933 0.821186 0.998134 0.354289 0.261385
