32 0.971378 0.692078 0.0299469 0.0333033 0.929506
0 0.330624 0.754637 0.291648 0.489195 0.918445
0 0.633383 0.569574 0.253219 0.694965 0.896459
0 0.962344 0.352995 0.0728863 0.272464 0.855596
0 0.106669 0.41321 0.110161 0.426223 0.852785
35 0.438782 0.732763 0.0806749 0.150712 0.836235
0 0.186029 0.326502 0.0478507 0.115902 0.745643
34 0.590569 0.313033 0.105378 0.294329 0.530873
2 0.2647 0.245196 0.132618 0.0422969 0.450246
34 0.569703 0.26371 0.0597527 0.195034 0.426088
0 0.819859 0.365631 0.03976 0.215994 0.391776
