17 0.669898 0.570752 0.149568 0.307073 0.813986
0 0.266285 0.625773 0.145008 0.306699 0.766481
0 0.323775 0.57105 0.0750387 0.185459 0.648114
26 0.195193 0.578856 0.0630034 0.111194 0.633318
0 0.468607 0.230269 0.0622336 0.103297 0.431622
0 0.915657 0.590089 0.0261388 0.0575794 0.417677
0 0.59754 0.24694 0.0592972 0.0601415 0.39331
0 0.381917 0.551287 0.0398859 0.0778297 0.392947
0 0.707076 0.291095 0.0542115 0.123314 0.377024
0 0.549356 0.264168 0.0652083 0.093714 0.32109
0 0.649405 0.253209 0.0780358 0.0646445 0.297557
0 0.54406 0.250334 0.0661577 0.0617849 0.273201
0 0.467253 0.258925 0.0659861 0.163937 0.269889
