0 0.390789 0.491679 0.184602 0.543393 0.870604
2 0.095116 0.27709 0.189596 0.13084 0.864018
5 0.16048 0.225025 0.319953 0.225026 0.863496
3 0.81255 0.663322 0.373372 0.343545 0.859342
0 0.770404 0.366418 0.210558 0.332427 0.833972
0 0.926617 0.511249 0.145853 0.530481 0.820453
0 0.252614 0.414822 0.164821 0.457536 0.814991
3 0.0460607 0.918938 0.0911293 0.154547 0.74495
3 0.29785 0.552323 0.539374 0.273129 0.731212
3 0.723394 0.484726 0.327356 0.278263 0.681725
0 0.105633 0.357918 0.107503 0.156101 0.67748
0 0.563897 0.224954 0.0304842 0.0361117 0.618068
7 0.610832 0.299125 0.372012 0.21449 0.602809
0 0.532676 0.219143 0.0283495 0.045569 0.595066
0 0.105221 0.191918 0.0337403 0.0392876 0.561844
2 0.897339 0.22802 0.0669815 0.0596124 0.478479
0 0.465848 0.220424 0.0360654 0.0448609 0.47539
0 0.249645 0.346491 0.160644 0.313194 0.385668
0 0.165488 0.345904 0.044485 0.169999 0.280908
