17 0.687884 0.576632 0.315965 0.452639 0.910684
0 0.070095 0.53114 0.0249461 0.138083 0.676723
0 0.338186 0.548945 0.0567447 0.230702 0.595746
25 0.956842 0.374972 0.0649429 0.0442785 0.580922
0 0.137139 0.520891 0.0355371 0.149831 0.562402
0 0.192942 0.512929 0.0285077 0.137526 0.545106
0 0.159237 0.52123 0.0275624 0.128392 0.534402
0 0.113958 0.531666 0.02073 0.126142 0.519564
0 0.873001 0.406974 0.0418552 0.0771307 0.517768
25 0.643378 0.341721 0.200796 0.0900821 0.492713
0 0.838626 0.41779 0.0274231 0.0671814 0.436296
6 0.374177 0.51344 0.357952 0.442098 0.424419
0 0.133389 0.520493 0.0243416 0.14646 0.382878
0 0.948011 0.429544 0.0301994 0.0483616 0.382726
25 0.0294669 0.421612 0.0400882 0.036288 0.374583
13 0.907717 0.596055 0.130469 0.127922 0.324856
13 0.873861 0.597351 0.201482 0.120846 0.295291
0 0.177231 0.50912 0.0228629 0.136832 0.292307
25 0.643214 0.364332 0.202315 0.134683 0.285966
0 0.252638 0.473201 0.0154251 0.0521962 0.26124
0 0.213336 0.499021 0.0257032 0.128745 0.251636
