5 0.248689 0.592199 0.203024 0.303725 0.908935
5 0.407592 0.415628 0.108823 0.200271 0.890128
2 0.716927 0.706868 0.12245 0.177699 0.875991
2 0.339678 0.779704 0.117402 0.16297 0.849013
2 0.55447 0.793924 0.116252 0.14301 0.807978
2 0.524834 0.668148 0.110196 0.155359 0.807066
2 0.463335 0.566961 0.0889164 0.116649 0.806912
5 0.948877 0.464486 0.101346 0.172611 0.703019
0 0.0145596 0.665448 0.0291025 0.13262 0.692092
2 0.817056 0.353576 0.0555708 0.0701468 0.684797
5 0.532414 0.432116 0.100517 0.201642 0.667604
5 0.567747 0.449595 0.130533 0.221448 0.631279
2 0.534767 0.597158 0.101053 0.110267 0.555101
2 0.942834 0.32885 0.0614717 0.0820476 0.549853
5 0.72649 0.216578 0.0487935 0.0911211 0.487034
0 0.747422 0.416644 0.0288744 0.0923344 0.48476
5 0.495765 0.31262 0.0719982 0.144764 0.477699
0 0.844284 0.408418 0.026343 0.0963883 0.458371
0 0.309097 0.355797 0.0166457 0.0710895 0.450812
2 0.701112 0.572827 0.128779 0.210441 0.448896
5 0.922454 0.213441 0.0608288 0.0975286 0.446442
2 0.81688 0.223197 0.0316784 0.0378376 0.440217
5 0.56753 0.271559 0.0744588 0.120622 0.429927
7 0.959557 0.237907 0.0634262 0.0976391 0.427384
0 0.113435 0.53825 0.0198338 0.0881741 0.419093
7 0.726785 0.217227 0.0473096 0.0904523 0.388667
2 0.835255 0.293767 0.0454664 0.0513209 0.382813
0 0.19685 0.602847 0.0552301 0.0836212 0.344846
2 0.843802 0.248892 0.0381042 0.0454238 0.29291
5 0.615231 0.368666 0.0951748 0.1746 0.288105
0 0.326682 0.326835 0.0138978 0.0618637 0.267714
