2 0.779296 0.451376 0.0785937 0.0446163 0.861663
2 0.413266 0.455859 0.158258 0.0587089 0.772907
2 0.663608 0.40532 0.0321555 0.0196531 0.662187
2 0.236432 0.440988 0.0636917 0.0323762 0.617316
2 0.731317 0.4081 0.0380573 0.026921 0.615031
2 0.0453694 0.473381 0.0907388 0.060478 0.602831
2 0.801014 0.410228 0.0464362 0.0274174 0.57222
2 0.836788 0.409519 0.032015 0.0206176 0.528663
2 0.11001 0.47392 0.0716164 0.0444439 0.471641
2 0.886177 0.407443 0.0291664 0.019422 0.412425
2 0.435869 0.455226 0.11239 0.0546106 0.39028
2 0.665785 0.402283 0.0344496 0.024675 0.357259
9 0.596759 0.354353 0.0216462 0.0449643 0.354933
2 0.0714762 0.472354 0.142952 0.058066 0.331793
2 0.916663 0.410768 0.0358049 0.0226081 0.289238
