2 0.36378 0.948966 0.14433 0.0978221 0.901678
2 0.203855 0.956556 0.191058 0.0859673 0.864355
2 0.559488 0.919633 0.089292 0.0737412 0.786442
2 0.482154 0.931166 0.117704 0.0829285 0.776852
2 0.639478 0.970418 0.18489 0.058287 0.76036
33 0.490559 0.146166 0.0536831 0.0867126 0.736898
33 0.518206 0.544981 0.0658304 0.111621 0.634803
33 0.794372 0.69783 0.0412188 0.0535929 0.628317
2 0.0279141 0.97428 0.0556539 0.0505212 0.587295
2 0.901613 0.987439 0.178982 0.0242549 0.482197
33 0.891376 0.0362722 0.212885 0.0722338 0.431388
33 0.541312 0.500575 0.0181097 0.0199418 0.340637
33 0.737895 0.226475 0.0435254 0.0423091 0.333992
33 0.605087 0.251005 0.0260339 0.0361994 0.285568
33 0.381683 0.327941 0.0121804 0.0111712 0.253505
