37 0.496272 0.821944 0.0972136 0.165357 0.913501
0 0.45029 0.548664 0.0895288 0.338771 0.871154
0 0.0384781 0.535434 0.062255 0.212481 0.861584
37 0.862204 0.80029 0.156949 0.154372 0.851557
0 0.282972 0.539943 0.0772916 0.317896 0.849135
0 0.370509 0.56257 0.101307 0.320852 0.835471
0 0.747255 0.724598 0.0898446 0.210875 0.814624
37 0.268661 0.838674 0.0992175 0.187897 0.781612
0 0.57501 0.716519 0.0770865 0.2293 0.781566
0 0.580082 0.521531 0.0593409 0.19175 0.773869
0 0.833414 0.583337 0.0713636 0.241814 0.753081
0 0.143804 0.771879 0.154167 0.260359 0.735011
0 0.727562 0.562843 0.0939044 0.318518 0.692797
0 0.520107 0.563604 0.0788492 0.297369 0.690597
0 0.24448 0.776367 0.19166 0.289042 0.655817
24 0.210182 0.599965 0.0694346 0.0402425 0.591188
0 0.537284 0.665565 0.0732672 0.227041 0.508295
0 0.874804 0.505806 0.0347218 0.170345 0.34667
