0 0.903766 0.29187 0.189679 0.327709 0.793582
0 0.428766 0.320326 0.413242 0.50408 0.691865
0 0.671326 0.147721 0.21403 0.161311 0.639118
0 0.777402 0.147021 0.125504 0.168611 0.638737
0 0.130797 0.583056 0.260445 0.829722 0.632044
0 0.268639 0.162512 0.211073 0.279055 0.531736
0 0.384822 0.123841 0.0884198 0.0895533 0.514166
0 0.3138 0.601399 0.400087 0.342882 0.468919
0 0.316253 0.711386 0.398341 0.574127 0.466872
0 0.649193 0.243596 0.159566 0.18874 0.432574
0 0.0854651 0.192405 0.132051 0.245345 0.357005
0 0.0803793 0.37295 0.160759 0.690419 0.341674
0 0.593094 0.130664 0.0660359 0.0811668 0.334805
0 0.754978 0.326915 0.18588 0.210879 0.329701
0 0.70777 0.446164 0.200477 0.194602 0.329421
0 0.47893 0.5304 0.516353 0.695364 0.271363
