0 0.323325 0.552116 0.361832 0.685337 0.942575
0 0.786193 0.696128 0.303257 0.567512 0.934852
0 0.575063 0.706142 0.246808 0.523472 0.866279
0 0.66324 0.102173 0.0863297 0.199088 0.803623
0 0.39865 0.0854884 0.16894 0.167237 0.711132
34 0.40303 0.270311 0.0676873 0.245741 0.685474
35 0.402244 0.642389 0.0470094 0.143201 0.669938
56 0.90366 0.183421 0.0907211 0.104712 0.492918
0 0.0495063 0.0603761 0.0986306 0.120752 0.472365
0 0.128698 0.064956 0.0657506 0.123493 0.442107
0 0.177903 0.0791119 0.0603494 0.115373 0.440691
0 0.458362 0.0873738 0.0524367 0.167818 0.263378
0 0.318469 0.0671511 0.0872943 0.128813 0.259722
13 0.55631 0.130143 0.161583 0.112807 0.254381
