0 0.561912 0.487493 0.21396 0.613717 0.896991
0 0.382653 0.506856 0.196102 0.445629 0.833467
0 0.184884 0.340664 0.0609046 0.156759 0.799836
0 0.259671 0.336246 0.0566834 0.156898 0.725578
34 0.679943 0.387569 0.153101 0.0820658 0.666333
0 0.303823 0.331465 0.0510838 0.150443 0.619544
0 0.134045 0.268732 0.0486848 0.0924401 0.559848
0 0.0772765 0.351494 0.0670244 0.148749 0.543039
0 0.129856 0.342936 0.0505674 0.154317 0.5202
0 0.0751272 0.272385 0.0717706 0.107948 0.441696
2 0.68094 0.301018 0.0751467 0.0616526 0.439975
0 0.320833 0.25725 0.0378772 0.0877672 0.378991
2 0.22038 0.310946 0.0531534 0.0557758 0.342622
2 0.873629 0.292924 0.0580103 0.0608389 0.261577
2 0.819628 0.277459 0.0652828 0.0788143 0.255936
