2 0.689954 0.691748 0.217776 0.173091 0.923505
2 0.35527 0.677408 0.202318 0.200735 0.911899
2 0.881427 0.665115 0.127917 0.116333 0.872537
5 0.509045 0.582473 0.22607 0.249822 0.86739
2 0.952371 0.672843 0.0945379 0.159125 0.790829
0 0.0697104 0.614205 0.0358429 0.121572 0.745659
0 0.0385275 0.597391 0.0294014 0.123587 0.643467
2 0.778311 0.655743 0.0871574 0.0963621 0.607082
2 0.715864 0.598896 0.0831284 0.0504708 0.586707
2 0.64379 0.589718 0.0595978 0.0331108 0.483769
9 0.995486 0.307538 0.00827065 0.0613255 0.410314
7 0.245412 0.565858 0.174206 0.270859 0.372697
2 0.712628 0.592829 0.0753895 0.0391911 0.364607
0 0.833319 0.600349 0.0157654 0.0423585 0.286491
