11 0.515393 0.526399 0.211071 0.320269 0.950101
2 0.663602 0.690901 0.265117 0.135831 0.881826
2 0.242225 0.623433 0.121667 0.0871407 0.845853
2 0.179675 0.644967 0.0749255 0.0762508 0.786614
2 0.371627 0.615414 0.103808 0.0639978 0.651171
2 0.0979363 0.644299 0.110524 0.0968271 0.615249
2 0.973072 0.672219 0.0528931 0.151999 0.552633
2 0.68079 0.621025 0.175069 0.0960197 0.511718
2 0.0404802 0.659682 0.0796575 0.114625 0.45125
2 0.315195 0.623828 0.0413954 0.0649477 0.32822
2 0.0582384 0.65528 0.0663629 0.102343 0.304589
7 0.0454652 0.659659 0.0905539 0.116349 0.285618
