2 0.729205 0.708777 0.489927 0.337368 0.844959
0 0.349507 0.728971 0.181397 0.299262 0.700855
9 0.619588 0.50287 0.0426893 0.070332 0.536225
2 0.358856 0.735358 0.268495 0.283684 0.494006
2 0.453667 0.626874 0.125015 0.07403 0.447361
2 0.959083 0.667675 0.080648 0.131698 0.427138
9 0.265485 0.480023 0.0435545 0.0591516 0.423648
3 0.362894 0.796057 0.139535 0.179706 0.409884
3 0.3365 0.773374 0.202913 0.22693 0.372957
2 0.454232 0.707469 0.106584 0.19202 0.34163
2 0.279995 0.70934 0.117096 0.184113 0.338157
0 0.681973 0.615327 0.111008 0.0755585 0.292222
3 0.981686 0.758279 0.0356178 0.14351 0.275771
