0 0.338008 0.581842 0.576322 0.82141 0.919687
55 0.71112 0.631595 0.138009 0.313804 0.869537
0 0.617083 0.480799 0.119821 0.465082 0.851665
0 0.343349 0.229 0.0769114 0.147861 0.813472
0 0.0927035 0.523894 0.120017 0.609266 0.722093
0 0.206243 0.381972 0.0987437 0.433078 0.640078
0 0.50667 0.362587 0.166789 0.660166 0.606321
0 0.290199 0.23451 0.076232 0.155182 0.557858
0 0.104541 0.375653 0.142121 0.519555 0.502738
0 0.104487 0.252398 0.141325 0.269698 0.441518
0 0.139857 0.197512 0.0407063 0.0756813 0.4219
0 0.032834 0.437386 0.0655114 0.49939 0.413781
55 0.593709 0.948596 0.128455 0.100516 0.368314
39 0.751353 0.857842 0.0865463 0.27597 0.347592
