0 0.75554 0.413528 0.195437 0.369269 0.867344
0 0.870961 0.847488 0.221111 0.294179 0.862938
0 0.211651 0.133981 0.227685 0.260391 0.848598
63 0.682516 0.2069 0.0911755 0.107385 0.826867
0 0.0525861 0.104674 0.104854 0.20367 0.825742
0 0.208006 0.638769 0.320456 0.408088 0.8212
0 0.504005 0.447318 0.244186 0.375234 0.794318
0 0.194601 0.476798 0.271717 0.404603 0.75683
63 0.819808 0.389547 0.123743 0.167782 0.744233
0 0.153484 0.923149 0.24356 0.153096 0.740566
63 0.764665 0.621637 0.109443 0.136324 0.68328
0 0.489736 0.267143 0.180571 0.311938 0.672345
63 0.468709 0.670854 0.0988295 0.134714 0.478712
65 0.529191 0.410388 0.0224871 0.0234101 0.415376
0 0.151237 0.612344 0.210332 0.352657 0.38754
63 0.785691 0.76156 0.100916 0.114074 0.382555
65 0.565573 0.248895 0.0280853 0.0251563 0.373159
63 0.430034 0.029558 0.0674568 0.057216 0.321095
65 0.243725 0.465917 0.0231482 0.0233363 0.317575
0 0.465754 0.207001 0.220955 0.399029 0.297477
0 0.206066 0.554386 0.29913 0.553655 0.297151
65 0.561179 0.250436 0.0381836 0.0308885 0.273
56 0.73299 0.504651 0.198353 0.317247 0.2718
56 0.471191 0.943366 0.155386 0.110928 0.269224
62 0.836241 0.3748 0.0646683 0.139699 0.264917
