41 0.557358 0.830744 0.133139 0.338051 0.936298
56 0.532341 0.564784 0.266929 0.166443 0.869397
0 0.748427 0.484985 0.498424 0.539142 0.834174
56 0.380518 0.494007 0.18881 0.230176 0.82548
0 0.948288 0.245396 0.102523 0.40405 0.809583
60 0.501182 0.77985 0.997636 0.435978 0.720365
41 0.147105 0.921369 0.186378 0.15586 0.718601
56 0.226308 0.476158 0.0954014 0.230126 0.681602
56 0.108855 0.466752 0.105305 0.253526 0.622676
53 0.245636 0.773082 0.263375 0.154514 0.56552
56 0.606041 0.39617 0.0622193 0.205021 0.518608
0 0.896213 0.134336 0.10074 0.214423 0.441166
43 0.676239 0.94994 0.130553 0.0988448 0.39748
0 0.946664 0.152332 0.105046 0.219114 0.384994
56 0.460062 0.352281 0.0777731 0.0673733 0.377267
56 0.528856 0.428229 0.125688 0.120896 0.365857
56 0.66413 0.45288 0.0778576 0.283913 0.33679
0 0.783682 0.163105 0.0404676 0.0668944 0.291933
