0 0.232904 0.620297 0.165482 0.353519 0.822603
5 0.87336 0.424838 0.251888 0.422281 0.822374
0 0.667645 0.566537 0.0486815 0.290131 0.782052
0 0.706949 0.580328 0.09152 0.281814 0.779863
0 0.36451 0.505273 0.0456553 0.197238 0.728526
56 0.184646 0.708893 0.145241 0.2455 0.684906
0 0.0201277 0.578592 0.0399934 0.304111 0.644001
2 0.610005 0.469616 0.085626 0.0532242 0.637125
0 0.281501 0.45584 0.0442703 0.108176 0.615855
2 0.738335 0.471077 0.0327307 0.0469308 0.593526
2 0.591664 0.499048 0.060305 0.0539253 0.468223
2 0.531537 0.490675 0.0956458 0.0780364 0.461603
2 0.56543 0.48969 0.11356 0.0772702 0.437531
0 0.0802957 0.554342 0.0649751 0.196923 0.429834
56 0.0844914 0.63053 0.0747588 0.155767 0.363501
26 0.744152 0.544436 0.0219634 0.0760571 0.362567
5 0.244831 0.418541 0.481624 0.347187 0.274673
