2 0.953879 0.637288 0.090752 0.343905 0.753849
0 0.259992 0.545964 0.128698 0.291619 0.732745
1 0.69146 0.660258 0.0904886 0.334201 0.651254
2 0.831721 0.556617 0.131275 0.179061 0.614907
56 0.358645 0.574331 0.0525017 0.130841 0.606867
56 0.131258 0.656428 0.0994003 0.287145 0.56412
1 0.795193 0.661291 0.150018 0.357215 0.509921
25 0.434062 0.20245 0.327185 0.265288 0.47005
0 0.121753 0.545472 0.0853316 0.307348 0.459103
2 0.903557 0.540024 0.0492483 0.0509272 0.411055
25 0.432332 0.347835 0.331983 0.569698 0.312756
0 0.241078 0.447665 0.0901694 0.0922396 0.299523
2 0.938677 0.528586 0.0309235 0.0440334 0.27676
60 0.392436 0.564586 0.127966 0.132541 0.275123
0 0.226552 0.446967 0.0606898 0.0903422 0.250777
