60 0.500171 0.750584 0.999658 0.494823 0.856144
0 0.912144 0.571429 0.174785 0.243888 0.833422
0 0.0573199 0.579172 0.114145 0.2292 0.815182
40 0.84061 0.762333 0.0597378 0.145304 0.778486
0 0.481868 0.464544 0.0853984 0.0991627 0.724676
0 0.251952 0.517715 0.130231 0.157169 0.70307
39 0.386872 0.656427 0.0471407 0.127324 0.682652
40 0.852364 0.924194 0.129404 0.150338 0.676426
40 0.72003 0.940411 0.157512 0.118437 0.638063
41 0.778884 0.831292 0.0801028 0.115532 0.595396
40 0.91503 0.937243 0.0969743 0.124554 0.563706
41 0.721972 0.940543 0.161621 0.1189 0.544077
0 0.958672 0.482992 0.0818137 0.0751177 0.538252
41 0.258169 0.828506 0.209245 0.248271 0.529389
0 0.881938 0.418806 0.0929599 0.0669372 0.466671
40 0.137584 0.699079 0.0495541 0.0990158 0.455933
0 0.76405 0.485101 0.0932509 0.105632 0.438529
0 0.149936 0.527868 0.149967 0.22727 0.422799
0 0.671024 0.48825 0.0979941 0.0764336 0.40451
39 0.27022 0.830195 0.190347 0.253549 0.367142
0 0.85973 0.418418 0.0523059 0.0629185 0.363228
41 0.486345 0.626185 0.0779362 0.102291 0.36272
40 0.801833 0.662255 0.0430439 0.0669972 0.354696
0 0.796422 0.520322 0.1657 0.157702 0.3231
41 0.70828 0.599887 0.037536 0.0412395 0.282302
0 0.968761 0.703936 0.0613814 0.0934492 0.27703
41 0.252337 0.764111 0.197323 0.120474 0.27097
41 0.775014 0.850411 0.0654914 0.0774117 0.27056
40 0.244689 0.627014 0.0478611 0.0823004 0.268164
0 0.79387 0.428089 0.0352308 0.0361015 0.265597
40 0.97622 0.9203 0.0463168 0.0937399 0.252851
