41 0.129993 0.540873 0.136625 0.161471 0.778915
0 0.561454 0.506832 0.873643 0.986336 0.66823
56 0.174666 0.276577 0.184966 0.150127 0.598819
39 0.256144 0.504619 0.0925463 0.102645 0.469709
39 0.213192 0.514229 0.0657681 0.08237 0.444603
53 0.0585399 0.597111 0.11656 0.058486 0.411535
0 0.566764 0.69013 0.866472 0.618875 0.347291
41 0.386294 0.38763 0.0485586 0.0573443 0.326498
55 0.142372 0.820058 0.284674 0.16278 0.322695
55 0.20551 0.822425 0.408693 0.351597 0.305222
0 0.752049 0.486601 0.4942 0.973203 0.279474
51 0.0291515 0.965361 0.058303 0.0692772 0.277905
39 0.166815 0.4396 0.0730529 0.079601 0.267229
