5 0.450132 0.705775 0.370024 0.293896 0.91665
2 0.950878 0.862949 0.0974503 0.262397 0.903955
2 0.804358 0.766799 0.065487 0.0649017 0.880388
2 0.140288 0.784102 0.150413 0.168136 0.848389
2 0.0426014 0.784616 0.0852029 0.19064 0.769001
2 0.88772 0.770514 0.0688675 0.0767079 0.707768
2 0.691887 0.766837 0.107463 0.126989 0.69149
9 0.838398 0.351857 0.0212982 0.0716672 0.686018
2 0.754446 0.762961 0.0383401 0.0533948 0.673795
2 0.841908 0.75549 0.023756 0.0426514 0.634305
2 0.937468 0.761862 0.0300236 0.0483744 0.341069
