0 0.378934 0.103907 0.112873 0.204992 0.846142
0 0.476373 0.107692 0.0882683 0.215384 0.771005
0 0.818295 0.110319 0.0562193 0.220638 0.596609
0 0.57376 0.0789689 0.0790767 0.157938 0.585252
47 0.891643 0.683166 0.215424 0.244372 0.558202
49 0.434816 0.503538 0.256086 0.181626 0.555386
26 0.43482 0.107017 0.0484314 0.108703 0.460894
49 0.770408 0.74926 0.263519 0.331988 0.404152
49 0.217691 0.391138 0.175839 0.182307 0.388213
49 0.894223 0.317974 0.210384 0.195697 0.343554
49 0.194597 0.552377 0.1781 0.105698 0.332183
0 0.178668 0.128944 0.161289 0.255683 0.328299
47 0.166023 0.801557 0.230272 0.30462 0.296911
0 0.982206 0.237408 0.0348354 0.193221 0.264888
