0 0.383658 0.757869 0.0714579 0.120131 0.881671
0 0.886806 0.728403 0.040085 0.127944 0.822431
33 0.320921 0.557614 0.0474391 0.046935 0.798278
0 0.664685 0.737978 0.0336962 0.138625 0.790231
37 0.387405 0.808561 0.136494 0.0387676 0.636164
33 0.0400824 0.731504 0.0770972 0.0522364 0.537945
33 0.497046 0.357056 0.0196213 0.0129792 0.409172
33 0.266041 0.606838 0.0305749 0.049693 0.387217
0 0.762879 0.664166 0.0102571 0.0354666 0.359934
37 0.890283 0.77927 0.165115 0.0409766 0.352815
0 0.268413 0.680826 0.0194806 0.0550144 0.294264
33 0.78612 0.52931 0.0166675 0.0139154 0.280271
