0 0.68751 0.562378 0.227626 0.560076 0.93336
0 0.283305 0.721038 0.235472 0.368001 0.919549
0 0.93509 0.35557 0.0571838 0.26181 0.834576
35 0.375092 0.66469 0.0532097 0.100687 0.774937
0 0.0476217 0.386209 0.0926742 0.205778 0.747505
0 0.889295 0.359778 0.0700531 0.256665 0.670133
2 0.478495 0.317056 0.264539 0.206475 0.625328
2 0.302036 0.307689 0.119059 0.151346 0.451757
2 0.100226 0.355998 0.199531 0.157777 0.426783
56 0.16214 0.421559 0.0802898 0.129983 0.403993
0 0.848913 0.357969 0.0579706 0.250453 0.263949
