0 0.463338 0.409823 0.16145 0.587655 0.917011
0 0.583367 0.462813 0.176807 0.575158 0.91691
62 0.0535794 0.106625 0.106359 0.204087 0.90177
0 0.828321 0.545088 0.170508 0.782075 0.881737
0 0.70036 0.417685 0.147973 0.713952 0.858997
53 0.308055 0.892048 0.210367 0.168505 0.777196
0 0.530816 0.439572 0.22301 0.586308 0.755416
53 0.486268 0.957812 0.142806 0.0843768 0.64956
56 0.315276 0.458085 0.0833294 0.217217 0.545299
53 0.114516 0.818406 0.11961 0.0769432 0.534658
56 0.251005 0.453523 0.0645735 0.156453 0.49663
62 0.977852 0.403057 0.0431801 0.105477 0.494818
53 0.2064 0.781222 0.0707867 0.0551384 0.462208
53 0.0421091 0.712365 0.0832952 0.0796705 0.441261
43 0.66794 0.886631 0.0761744 0.112251 0.403281
60 0.489993 0.783238 0.9769 0.424296 0.381324
56 0.182266 0.409866 0.0635082 0.0779091 0.347435
56 0.330434 0.375742 0.0509354 0.0496976 0.32723
40 0.4691 0.483705 0.0294094 0.101793 0.316723
62 0.952845 0.404589 0.0935322 0.135633 0.289559
60 0.120191 0.506419 0.236691 0.140468 0.263824
56 0.360238 0.387192 0.0298372 0.022634 0.253305
