2 0.566577 0.710018 0.131474 0.0677519 0.861893
2 0.308118 0.69341 0.109884 0.0599951 0.812561
2 0.630046 0.701148 0.0724283 0.0551228 0.69231
2 0.103773 0.702523 0.0633484 0.0535516 0.682864
2 0.0447563 0.70865 0.0786971 0.0569757 0.636241
9 0.639921 0.554006 0.0225289 0.0296027 0.623833
2 0.382721 0.671847 0.0556779 0.0291759 0.57954
5 0.635889 0.664079 0.136497 0.0964561 0.533442
2 0.672215 0.697045 0.0546129 0.0488903 0.512981
2 0.170699 0.69048 0.0885491 0.0575444 0.488319
2 0.482665 0.665111 0.0423701 0.0218404 0.480353
0 0.953653 0.830235 0.0926941 0.33895 0.451586
2 0.555592 0.653377 0.0277665 0.0179604 0.417
2 0.227516 0.69983 0.0437919 0.0342178 0.407276
9 0.393697 0.570734 0.0232875 0.0254734 0.378862
2 0.443753 0.669877 0.0468912 0.026506 0.359488
2 0.435445 0.670636 0.0405481 0.0267122 0.338984
2 0.51279 0.662329 0.034011 0.021158 0.332074
2 0.422481 0.671393 0.0366495 0.0275945 0.3135
2 0.0243451 0.708591 0.0448465 0.0604575 0.280899
2 0.223617 0.69785 0.0536568 0.0422543 0.277804
