18 0.29358 0.632227 0.191469 0.231112 0.838609
18 0.396158 0.603006 0.16262 0.244354 0.812002
2 0.751373 0.417721 0.0757304 0.0866535 0.763508
18 0.0423548 0.657958 0.0844794 0.165131 0.735459
18 0.137135 0.625369 0.140985 0.226667 0.701067
18 0.5886 0.597798 0.103857 0.240246 0.637092
18 0.659475 0.597024 0.100922 0.236638 0.626013
18 0.784506 0.561594 0.116041 0.171524 0.60596
18 0.473315 0.601571 0.0975329 0.231316 0.539159
18 0.71682 0.591538 0.116509 0.206331 0.419098
18 0.803337 0.564255 0.0775124 0.167785 0.382997
18 0.605494 0.445484 0.0352606 0.0314137 0.299627
18 0.34313 0.517777 0.062348 0.0733262 0.290873
18 0.516099 0.563367 0.0659695 0.15151 0.286025
18 0.36463 0.520612 0.0973196 0.0756119 0.255243
