2 0.648254 0.92934 0.0526772 0.0627832 0.69329
2 0.524253 0.791008 0.0308359 0.0399714 0.680171
5 0.913462 0.943863 0.151353 0.11087 0.661134
2 0.598881 0.828484 0.0354713 0.0419113 0.652289
2 0.564571 0.932411 0.0526029 0.0586329 0.650811
2 0.647452 0.798311 0.0298939 0.0336573 0.584596
2 0.411123 0.662197 0.0202579 0.0188493 0.558795
2 0.43899 0.656228 0.0147291 0.0162203 0.549368
2 0.574135 0.863054 0.0387979 0.0496376 0.528985
2 0.316234 0.889345 0.0469226 0.0506429 0.527038
2 0.427756 0.701832 0.0232502 0.0272774 0.497912
0 0.288875 0.944658 0.0257562 0.0564407 0.408971
2 0.54881 0.639742 0.0183811 0.0209221 0.355376
