62 0.155023 0.383773 0.287296 0.387519 0.920534
62 0.469076 0.311497 0.160594 0.269768 0.900175
0 0.807149 0.691507 0.226601 0.614664 0.890421
0 0.947667 0.730093 0.103997 0.537087 0.839457
0 0.652372 0.787612 0.114686 0.424776 0.835273
62 0.773846 0.237229 0.0780107 0.157223 0.775521
62 0.662489 0.260314 0.0981543 0.191244 0.72802
62 0.835761 0.210113 0.0572765 0.100024 0.609337
0 0.944737 0.314516 0.107778 0.277808 0.517374
0 0.917284 0.481688 0.121714 0.359653 0.499047
0 0.561968 0.491213 0.114478 0.444433 0.486197
67 0.89359 0.389906 0.0203346 0.0353607 0.439151
0 0.882041 0.304189 0.0622721 0.203489 0.426791
62 0.987173 0.215226 0.0247906 0.102164 0.364019
