0 0.257057 0.68902 0.227754 0.42743 0.905978
0 0.533332 0.708633 0.23525 0.427066 0.895714
0 0.756435 0.699441 0.197719 0.391634 0.856835
25 0.815689 0.391406 0.368623 0.170115 0.789646
24 0.773066 0.639274 0.12304 0.139367 0.640648
0 0.634077 0.645132 0.111521 0.275076 0.572871
0 0.133876 0.564156 0.0562843 0.125486 0.557245
7 0.896158 0.549016 0.204815 0.110331 0.549616
0 0.383009 0.568221 0.0769961 0.1364 0.490226
0 0.422202 0.551597 0.0548111 0.113868 0.44743
0 0.0529052 0.550017 0.040764 0.0842363 0.35139
24 0.514309 0.658603 0.164048 0.18762 0.309518
0 0.188909 0.523873 0.0572896 0.0498641 0.289796
24 0.529023 0.672767 0.13379 0.154514 0.251371
