0 0.0830168 0.812198 0.165662 0.365834 0.855587
2 0.831289 0.883272 0.335872 0.229871 0.849172
3 0.137147 0.882274 0.274295 0.2269 0.839312
3 0.546628 0.891445 0.281457 0.212767 0.83214
0 0.846285 0.769192 0.137188 0.238812 0.797232
0 0.741495 0.795451 0.137351 0.301019 0.774921
0 0.551328 0.833858 0.120534 0.322682 0.77106
0 0.466477 0.833223 0.081525 0.296569 0.614843
2 0.962093 0.745088 0.0747967 0.154566 0.584148
0 0.205433 0.664255 0.0226097 0.0560297 0.517507
0 0.430428 0.703358 0.0291605 0.100709 0.456609
2 0.38802 0.699146 0.047015 0.0749029 0.435976
0 0.428375 0.715508 0.0352192 0.126539 0.360696
0 0.452471 0.692111 0.020955 0.0805793 0.351991
0 0.179993 0.662845 0.0219309 0.063684 0.342653
0 0.497447 0.70827 0.0400419 0.122573 0.309515
0 0.4124 0.702165 0.0191878 0.0901425 0.299388
2 0.0926082 0.709405 0.185134 0.164405 0.286527
1 0.411908 0.799348 0.0490986 0.119319 0.268342
2 0.384576 0.690082 0.051873 0.0957897 0.254952
