2 0.498834 0.559384 0.173031 0.147891 0.895637
2 0.818932 0.543041 0.138476 0.103621 0.884967
2 0.696891 0.541007 0.11656 0.100199 0.846387
2 0.346258 0.556448 0.150224 0.127709 0.842105
2 0.965306 0.542661 0.0685986 0.0751547 0.803662
2 0.115397 0.564022 0.138809 0.229557 0.792894
2 0.890555 0.542113 0.0514952 0.0775726 0.749693
0 0.249665 0.543378 0.0315146 0.145878 0.661558
0 0.413206 0.497285 0.0190722 0.0440229 0.462134
2 0.555344 0.512948 0.0571248 0.0764267 0.359747
2 0.76197 0.512153 0.0809377 0.0623929 0.342322
2 0.180651 0.53579 0.0442669 0.0605178 0.331306
2 0.751614 0.509606 0.0616175 0.0552535 0.275305
