77 0.645207 0.546842 0.493813 0.54233 0.893008
0 0.360185 0.553769 0.398041 0.56725 0.810438
0 0.914605 0.467067 0.169602 0.593052 0.722422
0 0.172554 0.332533 0.222188 0.402762 0.680956
0 0.0580472 0.243478 0.116094 0.312033 0.584576
0 0.840975 0.26497 0.238378 0.379877 0.562516
0 0.251864 0.0359798 0.0508177 0.0713392 0.514295
0 0.262749 0.177671 0.122227 0.175364 0.496748
0 0.590208 0.150016 0.122831 0.257151 0.494123
0 0.952073 0.134307 0.0947305 0.163751 0.468061
24 0.301742 0.910525 0.345354 0.178891 0.42264
0 0.189394 0.0535465 0.0526957 0.104334 0.401771
26 0.918733 0.813284 0.161452 0.373432 0.266119
