45 0.476647 0.632461 0.04601 0.057338 0.886677
56 0.712448 0.79257 0.255243 0.40323 0.843479
0 0.660375 0.437478 0.170605 0.397351 0.834683
0 0.452378 0.314313 0.0999259 0.187569 0.820412
0 0.352124 0.488704 0.239642 0.53176 0.795838
56 0.26115 0.755518 0.352449 0.471495 0.785846
40 0.526882 0.643404 0.0463144 0.150806 0.756172
60 0.55431 0.592088 0.436119 0.465318 0.753366
40 0.587583 0.574211 0.0433359 0.11659 0.727229
0 0.278534 0.631284 0.319066 0.591714 0.687742
0 0.674129 0.292777 0.0906767 0.164253 0.687575
56 0.973063 0.513389 0.0531456 0.414865 0.565522
0 0.590366 0.285533 0.0516415 0.139778 0.438743
56 0.74233 0.534253 0.0795265 0.219811 0.36501
41 0.440452 0.42397 0.0281246 0.0617832 0.343195
40 0.488308 0.464102 0.0270188 0.0810041 0.33616
40 0.386159 0.421381 0.0228784 0.0712453 0.334409
41 0.554456 0.402335 0.0209127 0.0644774 0.307153
0 0.685387 0.307532 0.0677229 0.136975 0.304796
0 0.591299 0.313246 0.0557628 0.194241 0.266559
56 0.758943 0.494684 0.0472372 0.139955 0.252204
