16 0.243202 0.755085 0.241316 0.360525 0.94873
0 0.816052 0.585623 0.205216 0.700051 0.862583
0 0.571731 0.595223 0.238484 0.669685 0.849444
2 0.0970617 0.467546 0.193276 0.238841 0.847581
2 0.936461 0.365714 0.0518776 0.0629865 0.650073
24 0.563359 0.531562 0.115135 0.172029 0.50879
1 0.595272 0.70752 0.225584 0.44806 0.499564
7 0.369845 0.3158 0.288365 0.190136 0.424125
2 0.0202659 0.372695 0.0404029 0.0668553 0.405493
1 0.841939 0.722718 0.167771 0.42981 0.396136
1 0.563611 0.769761 0.10013 0.317142 0.318227
26 0.864494 0.483621 0.0759327 0.27909 0.252091
