0 0.0308881 0.403456 0.0617725 0.331019 0.894415
2 0.555328 0.420407 0.284289 0.273111 0.88296
0 0.10145 0.407503 0.0681069 0.308392 0.870647
0 0.695975 0.545006 0.196125 0.501287 0.864621
0 0.95997 0.481669 0.0791279 0.462353 0.859209
3 0.687083 0.585865 0.438675 0.451154 0.840769
2 0.287026 0.30165 0.0342109 0.0457001 0.487632
0 0.440576 0.316242 0.031031 0.100441 0.46074
13 0.203435 0.383191 0.0843476 0.0712808 0.453507
26 0.0703471 0.412945 0.0362234 0.0753434 0.374091
2 0.863227 0.402157 0.106981 0.194211 0.312293
