2 0.89475 0.890467 0.209433 0.217751 0.672218
2 0.724656 0.764589 0.259733 0.24565 0.615222
3 0.0669356 0.588243 0.0929369 0.102824 0.61111
2 0.0798802 0.399545 0.128758 0.11797 0.575604
2 0.574717 0.670188 0.205365 0.197795 0.537875
0 0.879316 0.647471 0.032089 0.109438 0.50594
3 0.776661 0.429471 0.0636597 0.0683912 0.505063
7 0.0620851 0.19633 0.12368 0.174683 0.492072
3 0.937438 0.462617 0.0662394 0.067948 0.486268
3 0.387828 0.554225 0.0414258 0.076626 0.482918
7 0.575364 0.668651 0.205229 0.197192 0.462592
3 0.461205 0.516198 0.0348625 0.0770026 0.441691
5 0.321842 0.150473 0.162601 0.111796 0.422566
2 0.321635 0.150812 0.163438 0.110868 0.400344
3 0.29211 0.630849 0.0468781 0.112051 0.390801
3 0.186107 0.283772 0.0388791 0.0717119 0.372919
7 0.894765 0.890419 0.20949 0.21774 0.37161
7 0.723899 0.763584 0.259259 0.250741 0.366511
3 0.323505 0.309362 0.0485899 0.0478883 0.342527
3 0.290124 0.647237 0.0446357 0.0907984 0.330533
3 0.848983 0.332496 0.082291 0.0750193 0.316412
3 0.657491 0.415321 0.0652959 0.0550104 0.304033
3 0.274553 0.557098 0.0873507 0.0812665 0.294465
3 0.199013 0.282097 0.0624629 0.0714654 0.285332
3 0.779278 0.416561 0.0566893 0.0898397 0.281967
3 0.258584 0.56561 0.0512709 0.0605869 0.281618
3 0.760381 0.354635 0.0782043 0.0628098 0.277084
3 0.461659 0.503507 0.0363253 0.0780065 0.268416
0 0.461454 0.488266 0.0368301 0.0839423 0.26544
3 0.272798 0.565907 0.0799784 0.0613241 0.264997
7 0.321315 0.151004 0.162963 0.111436 0.255066
3 0.970227 0.309167 0.0585781 0.0758939 0.254511
3 0.979979 0.304165 0.0391483 0.0671298 0.253161
3 0.143721 0.573716 0.094115 0.081988 0.25231
3 0.284762 0.656115 0.0340532 0.0746081 0.251404
