0 0.228739 0.560118 0.429358 0.748355 0.927929
0 0.827785 0.713927 0.343177 0.460012 0.871879
35 0.702626 0.739366 0.100734 0.106243 0.818137
34 0.295403 0.142241 0.188447 0.207364 0.723517
0 0.741931 0.368563 0.202048 0.346339 0.676072
0 0.93318 0.20766 0.13143 0.183354 0.661119
0 0.781153 0.106007 0.123599 0.160794 0.609189
0 0.557271 0.162565 0.0970795 0.108112 0.554113
56 0.912226 0.364062 0.139318 0.0526534 0.522299
0 0.670409 0.238226 0.134752 0.205644 0.474886
0 0.512677 0.0998169 0.122383 0.189132 0.463985
0 0.439213 0.173029 0.12355 0.161843 0.433242
0 0.976033 0.117117 0.047253 0.13442 0.419637
0 0.818341 0.197524 0.100329 0.156947 0.387411
0 0.034799 0.253962 0.0693588 0.301983 0.383486
56 0.917637 0.422141 0.152778 0.171185 0.360585
56 0.499409 0.467408 0.123374 0.13564 0.359377
56 0.951838 0.319489 0.0947432 0.057729 0.352871
0 0.0433634 0.131988 0.0864655 0.208877 0.329215
56 0.900875 0.126478 0.115696 0.0530689 0.299776
0 0.975217 0.535545 0.0487595 0.139963 0.294581
56 0.864269 0.316107 0.0649044 0.0610379 0.277924
34 0.321384 0.179894 0.239818 0.276595 0.270876
0 0.648693 0.112382 0.0837209 0.152119 0.269547
0 0.959889 0.483434 0.0782555 0.137181 0.261094
56 0.843015 0.0845032 0.0744213 0.0541752 0.258067
