41 0.0814644 0.689599 0.0549545 0.0927763 0.879193
15 0.575232 0.693596 0.466076 0.49058 0.878666
7 0.069044 0.311125 0.137252 0.365198 0.684676
7 0.230425 0.323067 0.20488 0.196323 0.615586
0 0.493295 0.349108 0.33383 0.642683 0.551397
2 0.966032 0.314115 0.0668644 0.0951634 0.538777
0 0.566448 0.485631 0.479928 0.909474 0.484917
39 0.261044 0.714443 0.04664 0.104542 0.481056
2 0.745648 0.317738 0.163084 0.102273 0.383262
13 0.710802 0.431788 0.148749 0.0982823 0.344221
2 0.893526 0.310459 0.0814323 0.0871169 0.324885
