3 0.370351 0.804124 0.694524 0.352011 0.937554
2 0.236021 0.548705 0.336061 0.0916689 0.868009
2 0.0942532 0.651558 0.187904 0.132264 0.812945
2 0.717452 0.580448 0.410833 0.178378 0.801147
2 0.509414 0.52703 0.158665 0.0383734 0.606993
0 0.0203735 0.524839 0.0406136 0.0910538 0.587774
2 0.936459 0.582139 0.125999 0.153831 0.567668
2 0.458341 0.566487 0.186515 0.0944818 0.44145
2 0.353788 0.526087 0.150246 0.0622883 0.428292
7 0.937674 0.582469 0.123623 0.153555 0.377485
2 0.113977 0.522758 0.167941 0.0871071 0.309636
2 0.41435 0.552902 0.275642 0.116258 0.274624
0 0.0115176 0.521971 0.0230352 0.0949709 0.271491
