40 0.706413 0.612253 0.0980043 0.273455 0.92407
40 0.49037 0.604276 0.105127 0.25723 0.895146
0 0.905608 0.430392 0.187669 0.409186 0.856644
45 0.54073 0.7547 0.130634 0.0936185 0.708881
60 0.497815 0.843078 0.991513 0.310329 0.554421
45 0.71131 0.857474 0.280334 0.192664 0.548031
43 0.281127 0.737121 0.164396 0.126106 0.433237
60 0.499992 0.760211 0.995555 0.476489 0.297521
67 0.982255 0.27261 0.0346745 0.0893267 0.28124
56 0.88447 0.698781 0.230756 0.59941 0.279222
45 0.809053 0.767343 0.184629 0.15308 0.261022
56 0.894404 0.598147 0.0749336 0.197288 0.255795
