0 0.550844 0.362107 0.561979 0.707842 0.807537
56 0.857803 0.300048 0.236883 0.416371 0.601488
56 0.420676 0.202857 0.167924 0.235516 0.524092
60 0.502156 0.778136 0.990828 0.440064 0.475348
0 0.219313 0.507907 0.437921 0.947883 0.455255
53 0.641115 0.71901 0.275228 0.151808 0.419726
0 0.133517 0.353572 0.267033 0.707143 0.36387
41 0.812882 0.0297503 0.0398252 0.0398769 0.325312
45 0.910029 0.548305 0.140963 0.0654449 0.322861
0 0.920588 0.106731 0.157923 0.203166 0.31451
0 0.28494 0.305649 0.475601 0.610952 0.292134
