2 0.916231 0.242551 0.166294 0.058489 0.809401
0 0.393735 0.244819 0.016323 0.0536906 0.703051
2 0.48439 0.250186 0.0452234 0.038642 0.652566
9 0.368812 0.160585 0.0146252 0.0541993 0.602731
9 0.597504 0.0647627 0.0116985 0.0389501 0.575756
9 0.818989 0.138585 0.0126247 0.0397788 0.548023
9 0.795678 0.137013 0.0173258 0.0460373 0.494773
9 0.12047 0.101272 0.0140708 0.057246 0.461332
7 0.157401 0.238779 0.156032 0.0735853 0.451767
9 0.137584 0.113968 0.0189791 0.0883209 0.450963
9 0.137838 0.0979086 0.0187112 0.057594 0.392904
2 0.157751 0.239783 0.156685 0.071574 0.363679
9 0.367192 0.161659 0.0217096 0.0548246 0.363334
2 0.89357 0.241434 0.112895 0.0573438 0.280207
9 0.355613 0.17868 0.0138749 0.0195917 0.250247
