16 0.787739 0.333929 0.314321 0.414904 0.947416
0 0.744869 0.764364 0.0972931 0.165912 0.8467
0 0.0483917 0.795064 0.0956621 0.100329 0.821781
0 0.836647 0.76687 0.129298 0.162213 0.789716
2 0.532881 0.773005 0.372561 0.15509 0.784111
0 0.952931 0.772646 0.0929558 0.149564 0.710643
7 0.0957716 0.56275 0.190419 0.170251 0.569285
2 0.333371 0.755564 0.228475 0.172748 0.518369
2 0.154832 0.735302 0.3089 0.218187 0.490207
2 0.370161 0.669947 0.190595 0.0669174 0.370312
0 0.593673 0.800514 0.084444 0.0925347 0.355527
0 0.0124221 0.753663 0.0247644 0.108469 0.34519
2 0.831686 0.761544 0.267075 0.137972 0.269394
0 0.04896 0.775511 0.09792 0.140427 0.259701
