0 0.140472 0.470675 0.0924963 0.229807 0.866828
3 0.472558 0.631808 0.353865 0.407332 0.856104
0 0.0691658 0.458996 0.0546068 0.257659 0.838144
0 0.92768 0.465473 0.0739862 0.157304 0.813316
0 0.291331 0.461607 0.0261331 0.0878124 0.795309
0 0.831622 0.390892 0.0739933 0.121947 0.720538
0 0.406607 0.402648 0.0657346 0.117392 0.703159
0 0.532141 0.536521 0.165198 0.482331 0.701731
0 0.326472 0.458361 0.0202455 0.0877829 0.661282
2 0.0283808 0.57751 0.0563753 0.217008 0.645612
0 0.437943 0.560335 0.189609 0.539908 0.624637
0 0.498195 0.55253 0.231025 0.522744 0.562179
0 0.587071 0.34699 0.0308006 0.0822485 0.317024
0 0.476345 0.414098 0.111801 0.246809 0.275946
