0 0.326 0.75776 0.0708489 0.294813 0.787967
1 0.111899 0.825049 0.17336 0.155207 0.78011
0 0.119082 0.738667 0.0999686 0.1746 0.759751
0 0.988881 0.706517 0.0215052 0.118909 0.679237
0 0.175843 0.70489 0.0452166 0.19285 0.638878
0 0.942865 0.709867 0.0202366 0.111856 0.557538
0 0.962737 0.70996 0.0199188 0.114215 0.552297
0 0.251452 0.709762 0.0362029 0.151621 0.5168
2 0.75555 0.706648 0.21501 0.150127 0.493967
0 0.37128 0.729785 0.045873 0.221938 0.478779
5 0.360902 0.663616 0.670479 0.338071 0.461711
0 0.456937 0.697244 0.0315641 0.127826 0.431655
2 0.89232 0.711319 0.0686262 0.0873152 0.401454
2 0.86769 0.711281 0.0890793 0.0873662 0.366524
0 0.610165 0.690082 0.0445809 0.136201 0.334225
0 0.298433 0.734773 0.0259303 0.187781 0.311839
0 0.45337 0.689329 0.0304425 0.149424 0.309908
0 0.224989 0.704149 0.0351907 0.15374 0.30545
