2 0.887399 0.63857 0.158841 0.10424 0.819897
0 0.189927 0.647644 0.0458857 0.187223 0.80273
0 0.13231 0.64358 0.0429048 0.191524 0.766602
2 0.396106 0.613037 0.0588327 0.0574883 0.766061
2 0.306854 0.613418 0.049487 0.0587008 0.744034
2 0.514542 0.61765 0.0475307 0.0601062 0.674046
2 0.614102 0.611929 0.0475132 0.058434 0.641769
2 0.485912 0.616619 0.0371605 0.0579452 0.495525
2 0.501367 0.617093 0.068649 0.0590257 0.463608
9 0.628648 0.496266 0.0109118 0.0495424 0.429218
2 0.457736 0.61073 0.0296326 0.043608 0.428443
2 0.433143 0.607334 0.0166857 0.0258717 0.423832
2 0.467964 0.612815 0.0280869 0.0479782 0.394877
7 0.570121 0.606531 0.0505738 0.0671248 0.383983
9 0.314429 0.514622 0.00975666 0.0262385 0.373088
2 0.439903 0.610184 0.0181585 0.0290315 0.35593
0 0.159095 0.634997 0.025829 0.118876 0.353751
2 0.569562 0.606653 0.0478523 0.0677367 0.328643
0 0.708417 0.618798 0.0116476 0.0538687 0.291216
2 0.474936 0.613788 0.023247 0.0491748 0.28873
