62 0.489974 0.479578 0.14733 0.131335 0.893043
56 0.186354 0.898879 0.153878 0.201269 0.804904
0 0.796212 0.484315 0.05118 0.10665 0.735514
57 0.824171 0.704601 0.190207 0.231168 0.62004
58 0.947023 0.899993 0.105081 0.199768 0.607904
56 0.977467 0.761531 0.0441763 0.111907 0.52869
75 0.96276 0.957155 0.0729143 0.0830327 0.51036
56 0.762491 0.588654 0.0681411 0.0721484 0.391242
56 0.542973 0.614943 0.173678 0.107151 0.365689
58 0.772077 0.895385 0.147746 0.206181 0.295314
75 0.762334 0.961779 0.0892982 0.0763242 0.279172
56 0.543376 0.807811 0.163614 0.186674 0.263948
