8 0.508357 0.386109 0.215508 0.253761 0.845777
0 0.346726 0.299327 0.0430114 0.143385 0.783389
0 0.479548 0.24416 0.0486603 0.0765703 0.682688
0 0.435724 0.246292 0.0205015 0.0360763 0.553629
0 0.404455 0.275541 0.0245953 0.0682295 0.545485
0 0.512214 0.247252 0.0315106 0.0578479 0.51469
0 0.546984 0.258528 0.026443 0.0364529 0.503827
0 0.368591 0.280935 0.0232254 0.102551 0.495203
0 0.441218 0.247785 0.0301866 0.0383276 0.445462
0 0.0493939 0.645207 0.0986896 0.696665 0.407847
26 0.33561 0.283459 0.0215438 0.0473382 0.268422
