11 0.265215 0.318818 0.105372 0.203738 0.912223
0 0.687468 0.582211 0.0575114 0.228893 0.518514
2 0.358722 0.581578 0.042587 0.0573967 0.456196
2 0.170748 0.606289 0.0972119 0.0725487 0.441749
2 0.301312 0.59515 0.0511443 0.0561465 0.400179
2 0.5561 0.603271 0.060626 0.0709325 0.39399
2 0.493097 0.616358 0.109755 0.101214 0.378167
7 0.13281 0.607769 0.17304 0.0803988 0.329408
2 0.10377 0.61005 0.10552 0.0749178 0.318646
2 0.611949 0.594426 0.0615341 0.0504898 0.262775
2 0.642964 0.5779 0.036408 0.0442177 0.26224
7 0.376371 0.581456 0.0759131 0.0589308 0.25949
