0 0.606816 0.485417 0.319895 0.768571 0.937934
32 0.914962 0.886938 0.0779894 0.113889 0.916397
0 0.153304 0.541732 0.30552 0.713339 0.90881
0 0.389728 0.555689 0.281388 0.784793 0.904353
0 0.319056 0.467216 0.185094 0.665371 0.830859
0 0.0700837 0.262264 0.0687834 0.251919 0.771133
0 0.0370938 0.432619 0.0741473 0.4644 0.762771
0 0.0519816 0.541432 0.103963 0.689906 0.560834
2 0.558089 0.220236 0.166508 0.16846 0.41372
0 0.301094 0.201572 0.0782771 0.154155 0.384701
2 0.244906 0.0156499 0.0546234 0.0299138 0.340209
