0 0.292057 0.781759 0.0363719 0.163014 0.748182
0 0.219652 0.794673 0.0459314 0.164442 0.720043
0 0.624001 0.79633 0.0550167 0.185282 0.659011
0 0.144604 0.801855 0.0492158 0.190896 0.651936
0 0.846964 0.795424 0.0537747 0.184953 0.575592
0 0.718408 0.785358 0.0401146 0.173848 0.499535
0 0.712769 0.779254 0.0265252 0.161984 0.458462
0 0.115107 0.793349 0.0326047 0.165378 0.432356
0 0.878413 0.798451 0.0506983 0.168207 0.401674
0 0.736983 0.782545 0.0266762 0.164792 0.373236
26 0.847196 0.822733 0.0364195 0.0594632 0.281378
0 0.992307 0.783794 0.0146362 0.172254 0.252979
0 0.869072 0.801047 0.0321516 0.168737 0.252863
