0 0.929954 0.596842 0.138907 0.806316 0.836927
46 0.486499 0.43528 0.261779 0.338184 0.791398
0 0.0722905 0.529553 0.14453 0.457971 0.791105
2 0.142795 0.797164 0.283813 0.403864 0.731384
0 0.195565 0.602181 0.0648159 0.277802 0.682287
0 0.503408 0.621681 0.409998 0.753766 0.603609
0 0.126695 0.499047 0.101838 0.461414 0.588749
0 0.503862 0.762932 0.410029 0.472654 0.579657
0 0.632703 0.496895 0.082121 0.476329 0.537872
3 0.0624909 0.621209 0.124982 0.302218 0.368369
0 0.632162 0.400806 0.0712491 0.26373 0.273601
