0 0.28343 0.523602 0.336182 0.947676 0.940852
0 0.805684 0.498036 0.387295 0.99587 0.932878
0 0.594083 0.580567 0.199913 0.835094 0.894558
0 0.470165 0.542457 0.188187 0.718074 0.865806
0 0.7033 0.56814 0.160375 0.764317 0.726051
0 0.778977 0.294923 0.0265335 0.0938676 0.702793
0 0.826703 0.34366 0.0653599 0.143644 0.685261
67 0.421912 0.392783 0.0445645 0.0373514 0.64885
0 0.113097 0.406672 0.0804263 0.291554 0.613767
0 0.806871 0.296218 0.0270088 0.0813864 0.597536
3 0.0216085 0.436212 0.0432169 0.0969465 0.504644
0 0.702025 0.366411 0.164791 0.343824 0.459621
67 0.416078 0.402614 0.0565534 0.0586536 0.341395
0 0.753902 0.285912 0.0169169 0.0566649 0.26332
0 0.808797 0.285354 0.0261971 0.059435 0.26195
