36 0.301842 0.697439 0.180837 0.341055 0.929486
0 0.319474 0.345717 0.319055 0.627161 0.911114
0 0.816032 0.514957 0.111443 0.420016 0.90182
0 0.724667 0.509289 0.0755453 0.309713 0.861939
2 0.875277 0.465125 0.0547359 0.0662339 0.788949
0 0.0430404 0.508365 0.054943 0.312334 0.782202
2 0.919084 0.475309 0.0372246 0.0546669 0.738473
0 0.640549 0.511618 0.0436075 0.311212 0.706735
2 0.498665 0.509572 0.182806 0.158073 0.672297
9 0.748399 0.192141 0.0458733 0.0776342 0.645329
0 0.594864 0.502515 0.0603476 0.329637 0.628084
0 0.410293 0.472557 0.0262865 0.098506 0.627704
0 0.372084 0.472202 0.0301861 0.0712051 0.609722
24 0.734489 0.467886 0.0448923 0.118506 0.567986
2 0.549997 0.506243 0.286018 0.165883 0.552989
9 0.818674 0.194802 0.0576323 0.0739448 0.529132
0 0.145576 0.384455 0.0428329 0.0521305 0.514872
2 0.118846 0.53349 0.236372 0.243253 0.469711
2 0.971669 0.471408 0.0300619 0.0493177 0.453731
2 0.976928 0.470622 0.0423071 0.0507949 0.377405
2 0.223357 0.528976 0.446715 0.243319 0.360664
0 0.213889 0.520707 0.0713156 0.28443 0.338083
0 0.993505 0.522999 0.0123215 0.108317 0.334931
2 0.540418 0.416152 0.0555322 0.0444108 0.311244
26 0.0628261 0.448932 0.0257281 0.0855391 0.268734
0 0.988695 0.59755 0.021751 0.241213 0.258227
