0 0.932952 0.484497 0.106856 0.519491 0.887859
0 0.736156 0.579003 0.168762 0.633369 0.886892
0 0.193553 0.592201 0.155881 0.757645 0.864295
0 0.700287 0.338095 0.0328972 0.0615159 0.647012
46 0.489113 0.650416 0.049605 0.0639775 0.470027
47 0.429776 0.570093 0.153239 0.118551 0.425631
0 0.988054 0.427038 0.0231668 0.203422 0.404917
46 0.487087 0.707597 0.077632 0.0807667 0.352768
49 0.263692 0.440267 0.0863277 0.0889073 0.330484
2 0.978794 0.325251 0.0424118 0.0671788 0.278997
49 0.371335 0.631004 0.145803 0.154977 0.272079
