0 0.644939 0.686494 0.108561 0.416068 0.918532
5 0.312758 0.52395 0.6229 0.702883 0.896328
0 0.87155 0.637041 0.0662804 0.298615 0.829619
0 0.721307 0.642692 0.0509901 0.246901 0.816604
0 0.968456 0.590455 0.0304245 0.129668 0.785248
0 0.942184 0.601192 0.0257748 0.126352 0.745027
0 0.916614 0.602234 0.0270945 0.118356 0.687283
0 0.491424 0.553434 0.0236279 0.0783072 0.546376
0 0.99379 0.60273 0.0114708 0.106621 0.495534
26 0.843427 0.661705 0.0311131 0.0880802 0.455918
0 0.693178 0.634663 0.0353611 0.241781 0.383877
