0 0.559361 0.299604 0.584179 0.571646 0.901232
48 0.595758 0.853838 0.233018 0.235893 0.869796
48 0.34568 0.849504 0.296353 0.251236 0.806225
60 0.499082 0.76267 0.998164 0.47168 0.803531
0 0.907506 0.282727 0.184539 0.209508 0.743776
0 0.951891 0.470928 0.0952087 0.261229 0.741004
0 0.296178 0.343441 0.183402 0.33969 0.648542
41 0.983184 0.639689 0.0325406 0.189722 0.643064
56 0.87453 0.358718 0.0629327 0.0323279 0.471854
56 0.863264 0.476824 0.182075 0.208673 0.448291
42 0.443744 0.642408 0.0589698 0.0974752 0.433236
43 0.43827 0.641629 0.0510078 0.096122 0.352483
7 0.0870341 0.272202 0.174068 0.160899 0.329906
2 0.696124 0.220171 0.0551353 0.0218166 0.325044
2 0.084441 0.27305 0.168285 0.15629 0.308438
56 0.8951 0.470801 0.117009 0.192433 0.276118
