11 0.716479 0.250219 0.0686222 0.109141 0.875939
0 0.752484 0.538751 0.151883 0.352844 0.860016
0 0.287529 0.39557 0.105149 0.2218 0.855241
0 0.62041 0.447028 0.100691 0.2821 0.776507
3 0.180164 0.399669 0.117913 0.219174 0.710346
3 0.313901 0.454047 0.130411 0.2388 0.667008
0 0.387983 0.391259 0.0918597 0.261178 0.546384
3 0.758933 0.604455 0.160721 0.278524 0.5203
0 0.382445 0.318887 0.079615 0.114547 0.518159
3 0.620104 0.489074 0.132968 0.211207 0.472834
3 0.390588 0.424269 0.0886779 0.195578 0.450449
3 0.768491 0.613661 0.119132 0.261434 0.424457
0 0.17486 0.308609 0.0854223 0.151653 0.362724
0 0.17156 0.36396 0.098303 0.267713 0.323398
3 0.637195 0.507557 0.0973982 0.16812 0.260816
