0 0.785883 0.748978 0.184006 0.433334 0.933776
33 0.174283 0.0897733 0.129706 0.0888282 0.864237
0 0.649247 0.593096 0.0219792 0.0603526 0.650865
2 0.324175 0.587927 0.0755145 0.0240869 0.61939
33 0.957572 0.262126 0.0204132 0.0168305 0.602386
2 0.0115777 0.576126 0.0231554 0.0347286 0.553284
2 0.65055 0.579854 0.12567 0.0468159 0.549739
2 0.512583 0.574495 0.119931 0.0515482 0.514103
33 0.790336 0.320421 0.0129246 0.0232988 0.502058
0 0.70314 0.58806 0.0221645 0.0481066 0.369574
2 0.245331 0.581117 0.0890344 0.0362205 0.358545
33 0.395198 0.488741 0.0202705 0.0208639 0.344231
33 0.637536 0.464316 0.0117754 0.0163159 0.333921
33 0.752967 0.48549 0.0335091 0.0204552 0.321626
33 0.0402705 0.492262 0.0266143 0.0150007 0.317806
33 0.757918 0.482975 0.0251175 0.016825 0.270946
