2 0.923284 0.579894 0.153432 0.0767588 0.842157
2 0.483625 0.557978 0.307047 0.100105 0.710761
0 0.151827 0.550319 0.0320912 0.0697058 0.490343
9 0.40011 0.266964 0.107207 0.0768791 0.457233
2 0.633505 0.514043 0.208314 0.0437493 0.435599
9 0.241195 0.0380613 0.117827 0.0761225 0.403148
2 0.567876 0.56531 0.139921 0.081687 0.374519
0 0.199892 0.541701 0.0288282 0.0528084 0.325897
0 0.15218 0.536531 0.031263 0.0433634 0.315325
0 0.0361558 0.547176 0.0639345 0.0838305 0.281292
0 0.0240568 0.547243 0.0427569 0.0851625 0.277084
0 0.208958 0.540524 0.0435724 0.0533504 0.254981
