0 0.328516 0.318545 0.549927 0.634054 0.795338
47 0.410038 0.754875 0.178125 0.112662 0.671578
0 0.617858 0.445227 0.699515 0.586253 0.667498
0 0.684634 0.0937548 0.170378 0.149761 0.63797
39 0.927801 0.86782 0.144195 0.263732 0.51158
49 0.457983 0.936466 0.274451 0.126296 0.504632
49 0.583053 0.72241 0.199405 0.124767 0.499162
47 0.153253 0.974019 0.230711 0.0512295 0.457962
49 0.749022 0.84563 0.217478 0.152758 0.423259
47 0.411282 0.663949 0.143128 0.0909049 0.378139
49 0.231853 0.779891 0.187897 0.122802 0.373922
49 0.476047 0.625674 0.146746 0.0914722 0.364835
47 0.0990015 0.940168 0.195906 0.118728 0.36091
47 0.475507 0.849994 0.196142 0.0969843 0.305816
49 0.56451 0.842069 0.166016 0.129509 0.278292
