33 0.881714 0.169987 0.137422 0.156172 0.877351
0 0.0527025 0.81158 0.0276519 0.0864126 0.715389
25 0.707156 0.792248 0.0688749 0.0520537 0.634304
0 0.336609 0.810302 0.026115 0.0638306 0.622358
0 0.0190007 0.80902 0.0178615 0.0815126 0.621748
0 0.0909171 0.978685 0.0371614 0.0408765 0.598308
0 0.332801 0.810215 0.0167559 0.0620146 0.460363
25 0.785368 0.792726 0.0595056 0.04935 0.445061
0 0.343576 0.810564 0.015237 0.0615257 0.439418
0 0.850548 0.714744 0.0149202 0.0502122 0.404209
25 0.878812 0.810111 0.0587852 0.0418353 0.357505
0 0.719957 0.749594 0.0154999 0.0369364 0.348623
0 0.875715 0.716996 0.0138206 0.0406522 0.289305
