0 0.619322 0.507869 0.201195 0.776785 0.879155
55 0.708282 0.599816 0.113448 0.118333 0.873801
56 0.89791 0.543712 0.137296 0.119364 0.859041
0 0.347326 0.497537 0.19012 0.773596 0.804139
60 0.791675 0.769595 0.414714 0.43565 0.792358
0 0.390342 0.485514 0.125908 0.592543 0.783625
0 0.725131 0.353172 0.0739765 0.396153 0.702318
39 0.031814 0.43817 0.023835 0.123796 0.665279
68 0.438661 0.262929 0.070667 0.0776692 0.636498
72 0.0675616 0.320381 0.134382 0.282356 0.420183
41 0.866289 0.58335 0.0380116 0.0745927 0.358614
