41 0.500462 0.925392 0.0516937 0.097772 0.926844
62 0.233838 0.800658 0.296379 0.398683 0.909997
0 0.214521 0.451995 0.172103 0.379502 0.909253
0 0.715256 0.639179 0.165463 0.601049 0.900464
39 0.57805 0.925066 0.0360916 0.14795 0.876836
0 0.589509 0.705737 0.112671 0.391585 0.827805
63 0.0780579 0.953569 0.156116 0.0919441 0.807056
39 0.452418 0.890925 0.0366245 0.128585 0.798472
0 0.356013 0.528498 0.166719 0.516549 0.795348
39 0.443806 0.769633 0.0295242 0.126945 0.691019
40 0.483584 0.801133 0.031244 0.0729211 0.435895
39 0.445437 0.754634 0.0253031 0.103426 0.325739
