0 0.302831 0.533573 0.0588529 0.237221 0.869139
2 0.844138 0.542794 0.163547 0.138447 0.835866
2 0.97521 0.552719 0.0485704 0.103551 0.815777
2 0.128872 0.791233 0.256554 0.415027 0.753498
0 0.51753 0.539993 0.041234 0.152719 0.7359
2 0.736962 0.550028 0.0669062 0.0929862 0.643295
0 0.684098 0.538692 0.0519949 0.137643 0.63356
2 0.953574 0.529641 0.0910309 0.0832162 0.595613
2 0.624296 0.538086 0.0597996 0.0751986 0.402718
2 0.544999 0.541558 0.0262299 0.0561986 0.370716
9 0.448526 0.4267 0.050196 0.3397 0.361581
0 0.665966 0.54008 0.025001 0.127282 0.293342
2 0.639075 0.53001 0.0296571 0.0606234 0.266145
2 0.63314 0.53296 0.0408737 0.0650005 0.261182
0 0.214695 0.495541 0.0256459 0.102043 0.254883
