0 0.360267 0.760617 0.0881254 0.455741 0.855876
0 0.800008 0.612175 0.0862098 0.36609 0.84406
28 0.935719 0.657651 0.127913 0.16593 0.836934
0 0.203793 0.785937 0.104254 0.420306 0.832353
28 0.460012 0.91771 0.0907523 0.160065 0.771451
0 0.429632 0.748536 0.0812386 0.465051 0.69137
26 0.15304 0.778478 0.0380132 0.225028 0.6635
0 0.977008 0.463206 0.0448484 0.223575 0.635245
0 0.906147 0.506106 0.100623 0.205278 0.577929
62 0.347385 0.359188 0.132811 0.202767 0.519635
0 0.97417 0.439926 0.0368603 0.183581 0.462782
28 0.860794 0.658333 0.036945 0.0976574 0.39785
0 0.507156 0.606245 0.0595781 0.127376 0.383274
0 0.682249 0.507322 0.0340712 0.0418199 0.322577
26 0.458257 0.781973 0.103956 0.141688 0.294585
0 0.949663 0.438573 0.0245792 0.135493 0.25906
0 0.677423 0.519399 0.0502259 0.0674672 0.257311
