2 0.697231 0.798569 0.0626335 0.0376803 0.816278
2 0.306076 0.818413 0.112285 0.0623552 0.809663
2 0.431607 0.807329 0.0864573 0.0402287 0.679618
2 0.65615 0.794105 0.0302025 0.0197577 0.669112
2 0.36215 0.811219 0.0596816 0.0559486 0.631054
2 0.523654 0.800144 0.0468549 0.0264935 0.582852
2 0.555715 0.797292 0.0338912 0.0227787 0.528162
2 0.482722 0.8012 0.0240592 0.0264049 0.436804
9 0.439163 0.220436 0.0541787 0.0846583 0.390663
2 0.347413 0.811332 0.0911144 0.0600552 0.379799
2 0.528125 0.798856 0.0619151 0.0253817 0.375457
9 0.401293 0.220646 0.131381 0.0923622 0.313402
