0 0.0823739 0.812369 0.164361 0.366031 0.858898
3 0.13715 0.876288 0.274299 0.239071 0.83444
2 0.832057 0.883554 0.334395 0.231017 0.83384
0 0.846551 0.776869 0.138746 0.252668 0.830281
3 0.545326 0.891252 0.277874 0.213168 0.828713
0 0.552853 0.833734 0.11794 0.322585 0.770898
0 0.729408 0.795115 0.112909 0.300503 0.69633
0 0.467869 0.835446 0.0854076 0.30165 0.694779
2 0.961959 0.745434 0.0750521 0.154649 0.58602
0 0.2048 0.663809 0.0241366 0.0564212 0.52635
0 0.430105 0.706781 0.02915 0.107643 0.463282
2 0.386555 0.699501 0.050948 0.0774785 0.452868
0 0.757521 0.796519 0.168604 0.298778 0.418583
0 0.452149 0.695026 0.0217847 0.0869083 0.383777
0 0.1798 0.662689 0.0220065 0.0636648 0.359477
2 0.091491 0.70879 0.18287 0.162654 0.297965
0 0.497076 0.706752 0.0387175 0.120136 0.282107
