0 0.830808 0.578914 0.321978 0.820562 0.928078
0 0.54272 0.223795 0.253454 0.418598 0.899023
60 0.422991 0.648916 0.706386 0.667229 0.814475
41 0.671833 0.458795 0.0486439 0.0818087 0.807248
41 0.52642 0.809128 0.0841265 0.1228 0.800974
0 0.334586 0.181541 0.187762 0.359166 0.800349
0 0.18118 0.406604 0.306678 0.631115 0.798903
0 0.0459741 0.169893 0.0917717 0.288428 0.797194
0 0.267494 0.071458 0.117643 0.136892 0.77382
41 0.435504 0.44741 0.0445467 0.0769653 0.677986
56 0.665706 0.295837 0.103917 0.27389 0.643882
56 0.477382 0.197917 0.0531064 0.182198 0.544826
56 0.402893 0.945266 0.31831 0.101091 0.521431
41 0.549473 0.477352 0.038274 0.098866 0.488377
43 0.216123 0.754523 0.0584685 0.0985273 0.476687
60 0.251497 0.193065 0.13432 0.16384 0.47547
56 0.125352 0.637619 0.247016 0.683253 0.467161
56 0.0464399 0.59081 0.0928799 0.585184 0.452197
60 0.143449 0.057888 0.174279 0.0792957 0.374513
56 0.0926112 0.597535 0.184545 0.609828 0.36065
41 0.259108 0.14098 0.0271534 0.049773 0.358658
41 0.32871 0.563475 0.0633428 0.078698 0.33455
41 0.375859 0.459054 0.0301725 0.0725098 0.312962
41 0.451938 0.595982 0.0449174 0.0794305 0.277072
45 0.402567 0.781139 0.161811 0.177249 0.268743
56 0.97288 0.814839 0.0534187 0.357924 0.256924
