0 0.318006 0.390024 0.384112 0.520346 0.905666
41 0.638789 0.791151 0.0609442 0.10907 0.780623
41 0.161768 0.662638 0.0545249 0.0696598 0.744711
41 0.233877 0.6266 0.107935 0.118924 0.71676
60 0.503624 0.764376 0.988664 0.457483 0.641728
41 0.740468 0.72786 0.0941534 0.153936 0.641489
62 0.504002 0.110519 0.365591 0.217695 0.609456
60 0.462047 0.818384 0.920097 0.341006 0.587417
41 0.677724 0.745516 0.0902494 0.157705 0.580807
41 0.404611 0.636422 0.0748902 0.077218 0.518736
42 0.722695 0.925573 0.166954 0.143842 0.505554
41 0.917779 0.645972 0.0849434 0.119383 0.471823
41 0.664176 0.604808 0.052684 0.100824 0.308744
41 0.98086 0.661815 0.0374886 0.127171 0.288076
43 0.851891 0.847347 0.286373 0.103226 0.265979
