0 0.715281 0.232351 0.456353 0.343004 0.909566
0 0.0737769 0.288729 0.0885612 0.137736 0.850884
0 0.306892 0.355709 0.139136 0.194145 0.850081
36 0.629134 0.408037 0.260809 0.0667065 0.778582
0 0.825392 0.477674 0.0764411 0.0892275 0.753265
0 0.883331 0.500332 0.0543806 0.0645014 0.651808
0 0.961712 0.504503 0.0609901 0.0513447 0.538013
0 0.669882 0.450081 0.0618657 0.097231 0.390328
0 0.964105 0.52014 0.0633291 0.0830534 0.379735
0 0.705435 0.490255 0.0611524 0.0973566 0.352816
0 0.880104 0.515753 0.059007 0.0958021 0.333977
0 0.181122 0.352744 0.110398 0.0961398 0.306611
