0 0.245144 0.834323 0.183477 0.328563 0.854613
0 0.393852 0.820111 0.158594 0.349322 0.82213
0 0.734569 0.814785 0.144705 0.364596 0.811706
27 0.1274 0.70613 0.0149276 0.0527094 0.779574
0 0.467426 0.601274 0.111455 0.36615 0.762146
0 0.626196 0.816578 0.12684 0.359513 0.760069
0 0.124065 0.771827 0.146374 0.417883 0.755917
0 0.851986 0.821698 0.143245 0.34732 0.639679
0 0.693262 0.589352 0.114873 0.331501 0.637125
0 0.302452 0.606956 0.10593 0.357487 0.634111
0 0.536567 0.406363 0.112214 0.251558 0.609553
0 0.927477 0.755417 0.119833 0.432129 0.573506
0 0.552457 0.598109 0.075478 0.326083 0.543414
0 0.615636 0.569296 0.0951249 0.322515 0.533875
0 0.708701 0.411788 0.0993204 0.214529 0.485053
0 0.43841 0.396109 0.09747 0.253576 0.444469
0 0.232153 0.420011 0.111448 0.285747 0.439512
27 0.521367 0.802337 0.0151613 0.0559789 0.436333
27 0.339079 0.454536 0.0205788 0.123474 0.404877
0 0.80306 0.572752 0.12107 0.357872 0.390654
27 0.315659 0.25253 0.0113253 0.0494619 0.387837
0 0.128832 0.47125 0.112818 0.403178 0.382014
0 0.224486 0.611064 0.0870264 0.374007 0.37308
0 0.625256 0.401333 0.0806677 0.224205 0.371021
0 0.887884 0.218397 0.118802 0.332964 0.343747
0 0.492597 0.252433 0.0999632 0.275407 0.33186
0 0.514892 0.784656 0.108672 0.256058 0.327972
27 0.113755 0.253054 0.0140658 0.0509992 0.326042
27 0.263827 0.821388 0.0145292 0.0569684 0.31852
0 0.341139 0.403868 0.106731 0.235391 0.305665
27 0.298977 0.609353 0.0163013 0.128263 0.272509
0 0.536773 0.824662 0.152766 0.340539 0.261092
