0 0.743679 0.483791 0.0743303 0.336186 0.859282
0 0.250877 0.514452 0.0691022 0.19944 0.842985
0 0.312224 0.508379 0.0592499 0.19507 0.815898
0 0.457647 0.521791 0.0658344 0.234944 0.796163
0 0.620772 0.670244 0.175706 0.280462 0.79598
0 0.647179 0.554475 0.0795218 0.134538 0.709054
0 0.544317 0.476673 0.0578794 0.272266 0.643301
24 0.329813 0.464555 0.0351849 0.0837392 0.596998
30 0.214419 0.693935 0.224555 0.0528287 0.563755
24 0.924488 0.695233 0.119625 0.115774 0.553962
0 0.514601 0.479595 0.0384911 0.233784 0.537838
30 0.114157 0.778153 0.227027 0.0897171 0.504206
0 0.533187 0.470767 0.0745592 0.258778 0.401405
30 0.254756 0.616468 0.113331 0.0389074 0.39863
30 0.314715 0.613798 0.106032 0.0565147 0.339089
30 0.22372 0.685282 0.231482 0.0439166 0.299578
30 0.239637 0.617543 0.0833644 0.0376742 0.284681
30 0.385872 0.61953 0.107211 0.0696265 0.269259
24 0.883343 0.755875 0.166343 0.113986 0.251119
