0 0.205073 0.478631 0.241749 0.85055 0.922008
38 0.191057 0.659194 0.0971186 0.265933 0.874214
32 0.518103 0.586005 0.0322963 0.0357634 0.714267
56 0.691826 0.190435 0.118482 0.324213 0.709696
56 0.415349 0.185494 0.117296 0.314591 0.688542
56 0.786687 0.193335 0.114757 0.321283 0.65848
56 0.310882 0.227387 0.101699 0.222121 0.605202
56 0.593465 0.235939 0.0987656 0.224309 0.601241
56 0.499235 0.233791 0.107671 0.225726 0.597872
56 0.164971 0.0723951 0.0911927 0.0889445 0.521398
56 0.502171 0.189518 0.115673 0.313528 0.498011
56 0.598026 0.188953 0.108577 0.319145 0.467011
56 0.252773 0.138241 0.0862373 0.221196 0.447223
56 0.316732 0.186218 0.11623 0.306877 0.438625
56 0.251725 0.0734436 0.0887518 0.0906953 0.413606
56 0.877689 0.19365 0.119147 0.322745 0.397417
56 0.0603741 0.181262 0.120685 0.304005 0.333039
56 0.87423 0.237038 0.119251 0.234992 0.323054
56 0.519173 0.0794073 0.0865695 0.0951805 0.275055
56 0.785696 0.2394 0.109662 0.231126 0.269172
56 0.0175988 0.12813 0.0349304 0.208371 0.265541
56 0.0413773 0.223175 0.0826607 0.220719 0.261422
56 0.0168652 0.0701391 0.0333919 0.0906478 0.257724
56 0.428812 0.076436 0.0916779 0.0979416 0.252806
56 0.966081 0.078208 0.0673805 0.0851637 0.25208
