2 0.354716 0.624763 0.258111 0.287451 0.896793
2 0.69351 0.642594 0.611478 0.408992 0.85897
2 0.142722 0.655557 0.28399 0.442167 0.858774
9 0.45614 0.214829 0.0536978 0.239993 0.843181
9 0.283251 0.352913 0.0376047 0.164878 0.802334
9 0.392707 0.261923 0.0558396 0.241807 0.765236
2 0.93434 0.496801 0.130462 0.0792569 0.510732
5 0.519838 0.40651 0.271852 0.236106 0.445752
9 0.31622 0.372743 0.0304964 0.147569 0.358741
9 0.338304 0.39299 0.0253838 0.0880047 0.314944
9 0.106193 0.407816 0.0226366 0.0574425 0.271574
