2 0.889379 0.733708 0.220333 0.527138 0.928327
0 0.520393 0.656574 0.126625 0.450297 0.864484
2 0.348818 0.469151 0.127197 0.0991156 0.85615
0 0.699558 0.517851 0.0408392 0.17933 0.839098
0 0.433707 0.666692 0.10941 0.46677 0.835742
0 0.624214 0.520625 0.0432205 0.180792 0.7712
2 0.111974 0.450662 0.097169 0.0956459 0.761662
26 0.49679 0.580629 0.0949824 0.185421 0.727729
1 0.504826 0.78611 0.0634186 0.240444 0.71688
0 0.250707 0.430566 0.029224 0.0923577 0.692647
0 0.215018 0.435015 0.026279 0.0899133 0.554798
0 0.52756 0.439334 0.0343143 0.0761549 0.465736
9 0.142577 0.29152 0.0212514 0.0728132 0.419014
24 0.358541 0.622404 0.0625396 0.149107 0.414962
0 0.555665 0.440482 0.0304016 0.0713021 0.376863
0 0.198442 0.386408 0.0227379 0.0569582 0.352152
0 0.118147 0.37062 0.0167823 0.0536725 0.314127
2 0.0102491 0.3781 0.0204456 0.027294 0.300231
0 0.198484 0.397783 0.0222064 0.0776932 0.299681
