56 0.92551 0.622382 0.14855 0.300203 0.938522
56 0.108687 0.743813 0.216696 0.495914 0.880825
56 0.746579 0.577043 0.136857 0.268509 0.782415
58 0.326234 0.423877 0.0607793 0.137473 0.732221
57 0.790711 0.903849 0.416166 0.178745 0.721916
75 0.32715 0.461392 0.0235385 0.0566229 0.648236
60 0.748458 0.791869 0.304833 0.171444 0.501659
56 0.188591 0.60119 0.225233 0.283715 0.496935
0 0.743342 0.577397 0.128616 0.265503 0.351851
58 0.445867 0.447033 0.0499077 0.0856492 0.343434
0 0.744005 0.538323 0.126317 0.188503 0.341152
57 0.190094 0.602637 0.223471 0.289319 0.280039
