0 0.42292 0.517814 0.356221 0.961137 0.923562
0 0.157002 0.607381 0.305405 0.785238 0.887162
39 0.919733 0.15317 0.0320526 0.104736 0.740939
39 0.773244 0.199336 0.0282919 0.101759 0.734122
39 0.747887 0.210271 0.0257749 0.0958086 0.717236
0 0.945691 0.562682 0.10755 0.469865 0.688844
39 0.892344 0.161445 0.0285061 0.0872885 0.686189
40 0.857513 0.692872 0.173779 0.268232 0.672955
39 0.701994 0.540722 0.0202412 0.109431 0.624865
39 0.720947 0.540775 0.0196313 0.111211 0.59782
39 0.706811 0.707116 0.0184059 0.089977 0.581186
39 0.72306 0.709284 0.0196371 0.0944746 0.580156
39 0.737785 0.541772 0.0188629 0.112664 0.501034
39 0.740383 0.710879 0.0190063 0.0989962 0.481199
39 0.718113 0.387407 0.0179223 0.1152 0.477305
39 0.773005 0.539485 0.0193594 0.11747 0.476275
39 0.74589 0.53783 0.0258219 0.12006 0.471652
39 0.751014 0.537107 0.0213076 0.120403 0.455612
39 0.733862 0.386974 0.0164505 0.114171 0.4543
39 0.743581 0.384648 0.0190462 0.115278 0.417055
39 0.760004 0.382807 0.0183561 0.115355 0.393777
0 0.245616 0.617002 0.122331 0.747828 0.370955
39 0.754648 0.538947 0.0165298 0.116339 0.360303
39 0.762266 0.712911 0.0307134 0.10165 0.353229
40 0.785456 0.697781 0.0446062 0.147669 0.337716
39 0.767879 0.538554 0.021721 0.11676 0.324337
39 0.701155 0.390342 0.0236452 0.11631 0.316983
39 0.741836 0.379904 0.025588 0.125504 0.316825
39 0.717338 0.538331 0.0222839 0.119002 0.274635
40 0.783692 0.711299 0.0387599 0.116243 0.270903
39 0.714954 0.38996 0.0190495 0.111773 0.25045
