0 0.215485 0.724324 0.43027 0.549591 0.940379
0 0.462217 0.62873 0.27616 0.74254 0.892883
0 0.227414 0.307928 0.104242 0.281983 0.875621
0 0.894404 0.347005 0.136537 0.22975 0.873867
0 0.824918 0.725836 0.349009 0.545937 0.872969
0 0.0878784 0.369199 0.175757 0.311199 0.837804
0 0.368368 0.27431 0.131114 0.244796 0.832257
0 0.55909 0.15549 0.102237 0.201483 0.770505
0 0.810933 0.553157 0.226071 0.559393 0.655536
53 0.722026 0.766322 0.0972424 0.0719721 0.64066
0 0.0508017 0.252824 0.101308 0.207019 0.639327
0 0.0266832 0.569961 0.0530349 0.136564 0.621702
0 0.621441 0.277463 0.112585 0.180974 0.579392
0 0.698591 0.330701 0.116665 0.26473 0.485722
0 0.600475 0.417681 0.153833 0.356803 0.477876
0 0.480994 0.245697 0.0851975 0.143047 0.437852
56 0.0791048 0.58796 0.15646 0.289092 0.432953
0 0.783261 0.192801 0.106887 0.217038 0.407481
0 0.776924 0.610259 0.295721 0.673506 0.389976
56 0.374546 0.504843 0.0603026 0.245613 0.375619
0 0.698758 0.390539 0.11706 0.387064 0.371863
56 0.120642 0.544583 0.0713351 0.200086 0.344555
0 0.577385 0.411238 0.106001 0.347139 0.323085
56 0.293205 0.432843 0.0961709 0.199038 0.321254
0 0.473044 0.275942 0.110826 0.200205 0.304641
63 0.726277 0.431659 0.0765095 0.0639586 0.286577
