0 0.293941 0.498941 0.414029 0.62018 0.938289
0 0.737638 0.511112 0.0603185 0.22118 0.863133
0 0.582157 0.59245 0.0913523 0.406139 0.795021
0 0.20303 0.70501 0.0360657 0.157948 0.787898
0 0.6908 0.526067 0.0409971 0.186043 0.742817
36 0.380131 0.819284 0.0833104 0.0555469 0.721682
0 0.850193 0.54373 0.0447731 0.0903159 0.721179
0 0.707174 0.607633 0.0553982 0.122134 0.678196
0 0.15654 0.748873 0.0545846 0.0921851 0.618016
0 0.0957858 0.749613 0.0303822 0.0767514 0.375272
0 0.0720613 0.768376 0.0292212 0.0670072 0.316154
