4 0.261852 0.535006 0.523705 0.913668 0.887273
5 0.803901 0.404958 0.390676 0.290277 0.837748
0 0.920603 0.807209 0.072324 0.279711 0.745938
0 0.80311 0.599784 0.0458889 0.188348 0.711846
4 0.496817 0.227753 0.989358 0.367204 0.706078
0 0.556951 0.524071 0.0381686 0.145073 0.680647
0 0.257802 0.389299 0.0228791 0.0738228 0.658738
0 0.366185 0.359326 0.0178242 0.0675718 0.591324
0 0.958595 0.637823 0.0723521 0.206021 0.575773
0 0.484101 0.421613 0.0360016 0.0918244 0.57303
0 0.890087 0.623125 0.059597 0.174095 0.564665
0 0.849565 0.559365 0.0513737 0.168884 0.559572
0 0.726223 0.614981 0.0560551 0.219165 0.539389
0 0.446011 0.405107 0.0335717 0.092851 0.530581
0 0.595039 0.469552 0.0275963 0.130808 0.51156
0 0.615941 0.568788 0.0372877 0.176481 0.503494
0 0.344166 0.36396 0.0169764 0.0860969 0.49509
0 0.286476 0.374345 0.0258949 0.0849231 0.47678
0 0.819895 0.473009 0.0291752 0.120439 0.453879
28 0.603046 0.651713 0.0320919 0.0645536 0.419909
0 0.320725 0.355748 0.0169952 0.073561 0.409466
24 0.9332 0.775739 0.0491482 0.110104 0.400704
24 0.982041 0.612456 0.0305134 0.100084 0.374025
0 0.784756 0.463859 0.0305787 0.138094 0.336278
26 0.704942 0.623792 0.0351372 0.112883 0.334212
0 0.752478 0.455817 0.0365195 0.143947 0.326456
26 0.702206 0.632729 0.0276516 0.0899485 0.321242
26 0.744799 0.623913 0.0307491 0.128212 0.301268
0 0.982942 0.956102 0.0332703 0.087109 0.298625
26 0.98237 0.617669 0.0291879 0.0913094 0.282488
26 0.818513 0.574983 0.0220213 0.0614857 0.257959
