2 0.666005 0.432714 0.0387064 0.0465435 0.822205
2 0.416918 0.766193 0.0922112 0.158626 0.809298
2 0.894714 0.579496 0.114791 0.128189 0.785044
2 0.070293 0.622642 0.139804 0.130759 0.7796
2 0.462544 0.485775 0.0474276 0.0558048 0.746563
2 0.790075 0.499263 0.0727154 0.0744961 0.732967
2 0.715482 0.425998 0.0339247 0.0443019 0.685869
2 0.918928 0.759353 0.161551 0.255982 0.593034
2 0.742352 0.401152 0.0297044 0.0341334 0.567487
2 0.48499 0.425226 0.0286137 0.0400442 0.554126
7 0.798651 0.607612 0.120658 0.143003 0.545936
2 0.984701 0.655244 0.0297901 0.115564 0.515803
2 0.56278 0.506031 0.0983547 0.103794 0.49186
7 0.918961 0.757792 0.161453 0.260507 0.477811
7 0.693208 0.378976 0.0356428 0.0629712 0.430727
2 0.744625 0.460716 0.038698 0.0566236 0.410508
2 0.79896 0.608996 0.122473 0.137029 0.404929
7 0.595393 0.596307 0.122615 0.172529 0.392812
2 0.929517 0.429867 0.0818424 0.0808739 0.341246
2 0.53582 0.452679 0.0646547 0.0749747 0.29885
2 0.937552 0.433407 0.0559042 0.0713798 0.291769
