0 0.334624 0.565277 0.50373 0.81647 0.853738
0 0.638789 0.336658 0.137346 0.0743163 0.789622
38 0.139552 0.160324 0.185592 0.300144 0.787803
0 0.79446 0.32816 0.174129 0.0816842 0.785068
0 0.209805 0.257091 0.139647 0.137942 0.635347
0 0.247652 0.158137 0.148848 0.181118 0.582532
0 0.0606806 0.26723 0.11654 0.137147 0.551154
0 0.0520866 0.343975 0.103971 0.0737099 0.534787
0 0.788659 0.268906 0.167706 0.140704 0.533884
0 0.667991 0.167859 0.153856 0.165855 0.522605
0 0.647692 0.264097 0.165905 0.161679 0.482366
56 0.469489 0.138829 0.110083 0.027942 0.422884
0 0.386649 0.0632802 0.169864 0.126333 0.303408
0 0.62751 0.0677233 0.155904 0.135258 0.252167
