74 0.474143 0.480312 0.320859 0.209987 0.879658
0 0.48442 0.887338 0.11385 0.2033 0.870192
74 0.475222 0.702557 0.333751 0.216143 0.796564
74 0.719906 0.428652 0.139941 0.0879872 0.77123
74 0.2278 0.426749 0.141232 0.0893233 0.713838
74 0.223982 0.529994 0.162628 0.105319 0.689675
0 0.213888 0.727021 0.139592 0.270797 0.628753
26 0.453673 0.865785 0.0874045 0.0981567 0.580135
0 0.726872 0.710499 0.182113 0.231622 0.565266
74 0.472399 0.285346 0.149303 0.0952877 0.437673
26 0.470006 0.85354 0.0574064 0.0696674 0.343511
