39 0.981791 0.813826 0.0351769 0.175965 0.9194
0 0.724739 0.673304 0.204498 0.389953 0.883649
39 0.835771 0.898064 0.0415108 0.201448 0.864177
0 0.213861 0.58982 0.320811 0.813856 0.823045
57 0.619738 0.789197 0.461263 0.419943 0.564282
40 0.90358 0.791813 0.0372713 0.101336 0.562589
65 0.311933 0.424053 0.0902992 0.0849402 0.472721
65 0.327567 0.401009 0.0564335 0.033798 0.459558
0 0.315263 0.709181 0.304519 0.581639 0.405395
57 0.549865 0.789125 0.327325 0.420077 0.400405
41 0.796661 0.927843 0.0400764 0.131575 0.367295
39 0.797036 0.925805 0.0418089 0.132465 0.295037
65 0.927116 0.823911 0.0467915 0.0416716 0.292402
