0 0.743625 0.867646 0.136856 0.260168 0.830935
0 0.844674 0.844323 0.0821377 0.308608 0.83067
8 0.911533 0.183651 0.100857 0.103498 0.828475
0 0.768604 0.665076 0.0595315 0.206366 0.771299
0 0.708904 0.621384 0.0535215 0.229979 0.765933
0 0.916218 0.795964 0.085869 0.33973 0.763486
8 0.126739 0.197618 0.0955642 0.0699442 0.756775
0 0.938297 0.319183 0.02798 0.098053 0.69316
8 0.821921 0.641126 0.356157 0.692527 0.52611
8 0.598757 0.204278 0.014926 0.0336003 0.508165
56 0.876292 0.325558 0.051783 0.0562195 0.338628
0 0.447289 0.302639 0.0209217 0.0298982 0.2761
