2 0.300461 0.675953 0.598622 0.524607 0.939922
2 0.920302 0.58093 0.158237 0.358726 0.871315
0 0.829841 0.473605 0.0298544 0.15814 0.694233
0 0.859416 0.44442 0.0286732 0.126979 0.664527
0 0.145014 0.38966 0.0465132 0.0890023 0.557474
0 0.904159 0.424527 0.0367867 0.104394 0.546217
9 0.9904 0.194964 0.0182245 0.161579 0.475068
5 0.453274 0.301872 0.90164 0.550763 0.414315
9 0.0115152 0.120757 0.0224362 0.114383 0.398592
0 0.915797 0.422901 0.0612434 0.105856 0.388957
6 0.445399 0.303797 0.888535 0.552042 0.359001
0 0.2879 0.527656 0.0714713 0.119131 0.32681
9 0.992862 0.325153 0.0137882 0.0385017 0.293343
0 0.826045 0.471249 0.0204391 0.161142 0.268859
