0 0.181719 0.679352 0.0886107 0.28106 0.861668
0 0.0672026 0.711918 0.134265 0.407386 0.820214
28 0.695637 0.777227 0.0542051 0.0815987 0.819411
0 0.79818 0.655044 0.0657022 0.242021 0.75679
0 0.400396 0.639815 0.0385491 0.207253 0.735175
0 0.280568 0.608034 0.0297986 0.10305 0.706675
28 0.0856278 0.898245 0.096849 0.202263 0.677641
0 0.31341 0.600337 0.027346 0.0911807 0.583284
0 0.250258 0.608357 0.0276993 0.106467 0.547042
0 0.904878 0.606872 0.0380939 0.126653 0.522631
28 0.700044 0.719343 0.0684751 0.0527077 0.495625
0 0.61603 0.613742 0.0279559 0.120871 0.490027
0 0.147253 0.619319 0.041362 0.124788 0.460943
28 0.843264 0.722016 0.0459381 0.1322 0.456816
26 0.782638 0.627138 0.0440342 0.131506 0.452799
28 0.843453 0.744411 0.0445545 0.0854413 0.407146
0 0.678278 0.638094 0.0559908 0.16556 0.399999
26 0.658621 0.625676 0.0182079 0.0667613 0.346059
0 0.973263 0.639569 0.034734 0.177532 0.337402
26 0.843138 0.742929 0.0446571 0.0873205 0.294774
28 0.0847977 0.948668 0.0969062 0.101883 0.292213
0 0.73277 0.597187 0.0282156 0.09984 0.283129
0 0.677956 0.674344 0.056436 0.236531 0.261649
0 0.339618 0.591093 0.0365505 0.0782712 0.252949
