0 0.191439 0.599133 0.381725 0.799462 0.901508
0 0.669073 0.622919 0.368101 0.751211 0.851944
0 0.446264 0.392215 0.174501 0.313616 0.847609
56 0.857048 0.827365 0.165251 0.344783 0.825429
0 0.857571 0.355543 0.201702 0.328535 0.822775
56 0.0850712 0.894242 0.16942 0.210886 0.790492
0 0.817309 0.583858 0.348535 0.772925 0.774891
41 0.448763 0.587161 0.0570369 0.142753 0.763795
0 0.269669 0.428896 0.122827 0.342978 0.692867
45 0.511466 0.539049 0.0723064 0.0703405 0.613311
60 0.430894 0.729631 0.244773 0.51253 0.485772
41 0.524261 0.479484 0.037546 0.0634107 0.386571
41 0.482808 0.483848 0.0479 0.0664853 0.376282
40 0.374985 0.571805 0.0356868 0.128624 0.296341
45 0.512719 0.551998 0.0699824 0.0460022 0.291611
56 0.967421 0.577989 0.0640713 0.129523 0.27787
