7 0.189405 0.776449 0.0947682 0.0921472 0.611369
7 0.78323 0.739034 0.432561 0.208494 0.555913
74 0.835926 0.199275 0.0299679 0.0439178 0.500884
7 0.570033 0.73815 0.270037 0.202997 0.438424
2 0.120387 0.783646 0.0471115 0.0451707 0.402743
0 0.434789 0.555751 0.0462483 0.047021 0.344528
7 0.117432 0.773556 0.0540191 0.0631295 0.323875
7 0.0111464 0.765382 0.0220433 0.127073 0.309645
7 0.0538623 0.764062 0.0458938 0.0570023 0.305901
7 0.682743 0.739742 0.523737 0.206413 0.278196
2 0.0113608 0.766914 0.022529 0.126982 0.27099
