0 0.212089 0.505507 0.359671 0.749812 0.906118
0 0.530011 0.401269 0.21497 0.564457 0.899245
0 0.844038 0.502171 0.208968 0.232 0.871964
39 0.695332 0.771899 0.0916116 0.275167 0.865491
39 0.829329 0.676861 0.0722283 0.172397 0.805135
60 0.523764 0.782653 0.950668 0.431477 0.617099
39 0.699925 0.392977 0.0476625 0.160726 0.603775
45 0.584757 0.721469 0.166902 0.212659 0.553348
58 0.86027 0.161278 0.12262 0.133946 0.551658
0 0.644172 0.324505 0.097769 0.274 0.534734
0 0.806321 0.395759 0.0657066 0.119589 0.532755
0 0.968367 0.523302 0.0625366 0.287505 0.528594
53 0.300864 0.828812 0.118393 0.157458 0.521724
69 0.412373 0.560098 0.10165 0.250049 0.414541
45 0.442966 0.874343 0.16273 0.13604 0.405589
0 0.967697 0.46119 0.0636946 0.164613 0.375127
58 0.868967 0.161477 0.0841742 0.124108 0.372979
56 0.968519 0.522797 0.0622379 0.286539 0.303312
69 0.670305 0.548013 0.160909 0.15095 0.280655
44 0.505314 0.674022 0.0190825 0.0874598 0.27435
