0 0.717458 0.645293 0.125091 0.578231 0.892252
0 0.123403 0.470465 0.0704426 0.340445 0.860517
0 0.262206 0.429796 0.0789167 0.275852 0.785381
0 0.426568 0.38144 0.028347 0.119302 0.776785
0 0.938459 0.401927 0.0433129 0.214562 0.716664
2 0.19972 0.354646 0.0726001 0.0523094 0.70927
2 0.382149 0.370903 0.0508096 0.069995 0.686693
0 0.475749 0.377255 0.0202061 0.0946264 0.520319
16 0.175789 0.522347 0.0599876 0.151377 0.313499
26 0.240977 0.471833 0.0230494 0.0456662 0.294343
0 0.47365 0.369326 0.018394 0.0925935 0.270434
0 0.454593 0.363803 0.0152374 0.0709217 0.257823
