0 0.957992 0.69152 0.0830559 0.391361 0.883634
0 0.601198 0.814894 0.114453 0.367532 0.816716
0 0.502411 0.849749 0.0625406 0.300499 0.815681
6 0.264769 0.803336 0.526581 0.381237 0.777048
0 0.421586 0.864042 0.0607313 0.271915 0.758455
0 0.84202 0.715436 0.0957106 0.344346 0.630469
0 0.68203 0.706711 0.0586823 0.191729 0.624981
26 0.551034 0.894752 0.0345222 0.0978726 0.57512
24 0.426622 0.824043 0.0493555 0.125868 0.571207
0 0.766709 0.679595 0.042033 0.222997 0.56156
0 0.733046 0.659477 0.0366314 0.188677 0.549782
28 0.704859 0.880692 0.0779636 0.191307 0.54512
0 0.82668 0.712856 0.0825529 0.340801 0.492297
28 0.764034 0.741115 0.0368454 0.0957804 0.488373
0 0.527466 0.767469 0.0345816 0.196343 0.400605
0 0.623629 0.680736 0.0298183 0.118779 0.399587
0 0.513154 0.838475 0.0551814 0.32305 0.379807
24 0.569252 0.781144 0.0608589 0.174054 0.28548
26 0.522711 0.856355 0.0224197 0.0659695 0.274497
0 0.527526 0.82826 0.0434767 0.319446 0.259942
