0 0.0417828 0.855668 0.0835657 0.281121 0.898645
2 0.869639 0.817783 0.0973129 0.137622 0.841757
2 0.726106 0.819512 0.228657 0.215346 0.781987
0 0.153889 0.833205 0.0489323 0.156565 0.572795
10 0.36506 0.888467 0.0398719 0.132572 0.536706
7 0.928163 0.796959 0.138702 0.144357 0.504549
0 0.274571 0.792697 0.0472272 0.0767507 0.452816
56 0.206145 0.866966 0.062799 0.100947 0.452009
56 0.399707 0.865017 0.0381513 0.0905777 0.409554
56 0.508668 0.862465 0.041457 0.118835 0.407006
0 0.231612 0.792095 0.0323661 0.0609787 0.400015
0 0.207799 0.815415 0.0577341 0.11135 0.396612
56 0.156395 0.865345 0.0441443 0.100694 0.378415
0 0.209199 0.835467 0.0609414 0.153566 0.378192
2 0.979012 0.785354 0.0410509 0.0877499 0.374769
2 0.979366 0.770829 0.0406538 0.0575782 0.311262
56 0.457549 0.859833 0.0351057 0.0844686 0.301985
56 0.573758 0.842447 0.0423527 0.0767788 0.287309
2 0.92856 0.797718 0.137596 0.142217 0.284074
56 0.554575 0.843326 0.0467012 0.0796581 0.279438
0 0.271656 0.816608 0.0569702 0.125302 0.277562
56 0.406524 0.86635 0.0358047 0.0835747 0.271607
