0 0.270241 0.237946 0.24717 0.232106 0.883079
0 0.0748883 0.67678 0.14858 0.635088 0.868918
0 0.0760593 0.214717 0.152119 0.275654 0.847376
0 0.415147 0.245219 0.125266 0.214402 0.760923
0 0.658719 0.534214 0.590486 0.927372 0.753917
0 0.836945 0.183946 0.158773 0.2094 0.686901
0 0.320244 0.144495 0.0805033 0.136083 0.592051
62 0.281722 0.58306 0.559198 0.467004 0.439821
0 0.369654 0.176335 0.103992 0.124573 0.404212
0 0.411587 0.106451 0.076863 0.0751216 0.394452
0 0.507555 0.260266 0.104543 0.188489 0.385567
0 0.208967 0.103238 0.0849863 0.0778202 0.385248
0 0.136285 0.200452 0.080127 0.232177 0.292193
0 0.56366 0.113611 0.0738426 0.0957844 0.274452
