0 0.608562 0.41441 0.116298 0.487566 0.87915
0 0.54247 0.486814 0.110141 0.481519 0.870284
0 0.192082 0.680278 0.162353 0.638257 0.868825
0 0.378186 0.390256 0.137704 0.283963 0.857722
0 0.311174 0.605834 0.182916 0.732578 0.814729
56 0.0876448 0.538972 0.106344 0.281368 0.665656
56 0.476966 0.424999 0.0545141 0.19433 0.559163
56 0.0436622 0.418843 0.0679013 0.097836 0.538534
56 0.143415 0.359106 0.0294481 0.0391719 0.496666
56 0.0973244 0.392482 0.0442474 0.0783202 0.481388
56 0.0316471 0.53515 0.0629289 0.276432 0.439264
65 0.396075 0.562023 0.0320985 0.0288963 0.423076
56 0.666992 0.457967 0.0352084 0.0857736 0.374504
0 0.189147 0.336281 0.0638015 0.067217 0.3121
56 0.472198 0.461152 0.0449249 0.131742 0.299439
56 0.160619 0.347428 0.0188528 0.0400298 0.282824
56 0.346214 0.482725 0.0577095 0.118524 0.280118
65 0.584858 0.356165 0.0201473 0.0197016 0.274315
56 0.354675 0.447099 0.0800567 0.182118 0.26386
65 0.263981 0.398564 0.0411671 0.100243 0.253717
