0 0.626418 0.541314 0.180401 0.354543 0.900227
0 0.161822 0.483972 0.19113 0.936719 0.788216
38 0.170836 0.558834 0.239615 0.249469 0.763613
0 0.34934 0.619506 0.157856 0.511707 0.746515
32 0.553834 0.569797 0.024178 0.0285889 0.690511
24 0.515422 0.500875 0.0837404 0.0713752 0.659246
38 0.252784 0.64028 0.0739018 0.319374 0.460067
38 0.414057 0.454371 0.0761282 0.262705 0.36363
38 0.131736 0.322474 0.204751 0.151511 0.295185
38 0.434079 0.779863 0.0532262 0.183444 0.274913
38 0.365899 0.569115 0.0658326 0.133677 0.267067
38 0.430216 0.704342 0.0620622 0.337765 0.259643
38 0.403683 0.438581 0.0907713 0.300628 0.255166
