0 0.816661 0.604966 0.234426 0.268128 0.86664
63 0.670946 0.599021 0.0810199 0.119785 0.855008
56 0.242839 0.609263 0.10211 0.0660564 0.825061
56 0.136946 0.926984 0.272841 0.144515 0.812746
56 0.114208 0.644791 0.122121 0.0747373 0.800211
39 0.180229 0.642086 0.0254422 0.0900726 0.795264
63 0.545689 0.541412 0.102787 0.0848728 0.782091
0 0.943959 0.528433 0.110602 0.198269 0.751586
0 0.718882 0.49204 0.0595873 0.121199 0.727747
0 0.860107 0.499257 0.0766844 0.137972 0.706909
74 0.0146329 0.0795302 0.0289748 0.109562 0.687165
63 0.670307 0.52155 0.0729216 0.0623809 0.66386
56 0.337602 0.577652 0.050133 0.0689649 0.636271
63 0.449852 0.573417 0.13148 0.0882093 0.589589
0 0.422529 0.519353 0.15092 0.169751 0.510559
63 0.682243 0.535667 0.0978974 0.0912854 0.433061
63 0.564526 0.537255 0.0641727 0.0801198 0.41772
41 0.888075 0.558602 0.0203533 0.0540916 0.349853
56 0.956686 0.643054 0.0859137 0.111585 0.330305
56 0.959465 0.701033 0.0803093 0.0941251 0.321884
73 0.545471 0.726199 0.0781521 0.044265 0.31621
56 0.191464 0.971377 0.167827 0.0564985 0.306594
0 0.519719 0.516762 0.0638535 0.109769 0.294069
56 0.109506 0.779512 0.113029 0.359431 0.285042
0 0.521692 0.495302 0.0579462 0.0724315 0.280004
60 0.379507 0.781928 0.727902 0.425313 0.26848
73 0.21687 0.710025 0.105986 0.0532064 0.260297
39 0.348861 0.695262 0.0353098 0.0982246 0.253413
