28 0.112939 0.551508 0.225786 0.107117 0.757679
28 0.154757 0.748817 0.305887 0.193536 0.745353
28 0.58351 0.465498 0.252593 0.0887962 0.737729
28 0.775716 0.275574 0.120683 0.0496988 0.72678
0 0.942965 0.23076 0.0605426 0.106719 0.725278
0 0.861599 0.231309 0.0416799 0.0990558 0.711853
28 0.357267 0.4639 0.232535 0.0838842 0.707906
28 0.149174 0.629233 0.297521 0.0758559 0.687824
0 0.757312 0.199049 0.0673968 0.0925797 0.68367
28 0.50332 0.274882 0.0815975 0.0875414 0.592874
25 0.321952 0.138859 0.262216 0.0597401 0.536464
28 0.62099 0.210378 0.129146 0.0337722 0.536394
28 0.791606 0.391455 0.183813 0.0301243 0.471377
28 0.614472 0.333074 0.189569 0.0438195 0.470431
0 0.799571 0.219447 0.040543 0.0780591 0.466065
28 0.0840994 0.491255 0.168199 0.0429584 0.450053
28 0.502397 0.374786 0.130844 0.0592216 0.424831
28 0.395506 0.302068 0.162114 0.0466392 0.408311
28 0.506249 0.199864 0.1168 0.0707027 0.407924
28 0.775671 0.311797 0.121247 0.03531 0.381149
28 0.738456 0.452514 0.0629421 0.0978292 0.378849
28 0.213161 0.388225 0.206766 0.0854516 0.365768
28 0.943615 0.382531 0.109868 0.0524459 0.359611
28 0.925903 0.365884 0.123551 0.0414144 0.337797
28 0.773473 0.350186 0.127268 0.0517287 0.334834
0 0.983513 0.225636 0.0329731 0.079456 0.334141
28 0.641962 0.41446 0.15164 0.0322315 0.332769
28 0.401977 0.342636 0.186579 0.0572841 0.299695
28 0.501533 0.415208 0.140814 0.0209238 0.297207
28 0.383367 0.233497 0.150205 0.0399716 0.282272
2 0.891519 0.208551 0.0611649 0.0567893 0.278442
28 0.504971 0.213684 0.106451 0.0451437 0.26932
28 0.88293 0.453871 0.232396 0.0964289 0.268014
