5 0.248677 0.592262 0.203025 0.303752 0.910739
5 0.407665 0.415605 0.108581 0.2003 0.884962
2 0.716879 0.706711 0.1225 0.177894 0.874344
2 0.339664 0.779685 0.117351 0.162837 0.844346
2 0.463779 0.566471 0.0899837 0.117361 0.802437
2 0.554443 0.793941 0.1161 0.143021 0.801603
2 0.52475 0.668134 0.110048 0.155341 0.799303
5 0.94886 0.464496 0.101382 0.172565 0.704145
0 0.0145615 0.665448 0.0291054 0.132597 0.691643
2 0.817386 0.352653 0.0551647 0.0694116 0.666029
5 0.615066 0.357886 0.0937723 0.157488 0.605186
2 0.535396 0.594287 0.097357 0.111843 0.600379
2 0.942841 0.328837 0.0613979 0.0819942 0.530738
5 0.569213 0.446772 0.127668 0.193307 0.517679
5 0.496054 0.311446 0.0724394 0.140091 0.517613
0 0.747355 0.416747 0.0288038 0.0922556 0.455781
5 0.567231 0.271275 0.0742086 0.120368 0.443387
0 0.309089 0.355879 0.0165982 0.0709175 0.443051
5 0.726453 0.21652 0.0488126 0.0910035 0.433298
2 0.816898 0.223255 0.0316532 0.0376381 0.417399
0 0.844293 0.408558 0.02621 0.0961533 0.41554
5 0.922468 0.213461 0.0608374 0.0975612 0.411993
7 0.959527 0.237906 0.0633863 0.097631 0.411302
0 0.113429 0.538256 0.0198342 0.0881544 0.410279
2 0.700417 0.5721 0.127409 0.212432 0.4072
2 0.674393 0.444174 0.0687569 0.0764413 0.38257
7 0.726753 0.217166 0.0472938 0.0903085 0.377403
2 0.835228 0.293904 0.0453207 0.0509233 0.35984
0 0.196937 0.602904 0.0550965 0.083609 0.335976
2 0.843818 0.248898 0.0380314 0.0452528 0.274534
