2 0.77929 0.451376 0.0785876 0.0446081 0.862509
2 0.41348 0.456273 0.157922 0.05861 0.769184
2 0.663612 0.405325 0.0321397 0.0196419 0.661193
2 0.236426 0.441 0.0637381 0.0323751 0.618106
2 0.731316 0.408106 0.0380523 0.0269188 0.614452
2 0.045353 0.473343 0.0907059 0.060438 0.601056
2 0.801016 0.410227 0.0464289 0.0274114 0.572788
2 0.836793 0.409523 0.0320024 0.0206115 0.529235
2 0.109951 0.473899 0.07178 0.0444713 0.466727
2 0.886178 0.407442 0.0291788 0.0194258 0.413309
9 0.597055 0.352664 0.0225398 0.0415511 0.359352
2 0.665784 0.402284 0.0344353 0.02467 0.355063
2 0.0715901 0.472318 0.14318 0.0580139 0.329749
2 0.916662 0.410767 0.0358062 0.0226135 0.29074
2 0.437016 0.455586 0.110003 0.0544099 0.256172
