41 0.852613 0.280656 0.284155 0.499304 0.957826
45 0.23929 0.608455 0.44619 0.449094 0.947124
44 0.0844756 0.436345 0.167529 0.14813 0.828784
48 0.639373 0.691957 0.340876 0.380518 0.819426
60 0.501815 0.540418 0.99637 0.919165 0.766266
48 0.489678 0.148224 0.273502 0.198738 0.743702
48 0.529574 0.145567 0.196656 0.19286 0.582561
44 0.889766 0.0851045 0.0691246 0.155306 0.535462
0 0.529207 0.0570149 0.645395 0.112776 0.38025
41 0.928637 0.0958356 0.141534 0.191646 0.359825
56 0.197428 0.0553578 0.054093 0.109756 0.344944
0 0.427906 0.0576534 0.443623 0.114005 0.337987
41 0.92879 0.145184 0.141631 0.288494 0.294042
