0 0.829678 0.665243 0.1816 0.651905 0.922189
0 0.353865 0.488827 0.0507508 0.237377 0.8775
32 0.786032 0.328178 0.0507333 0.0728887 0.843103
0 0.0715267 0.460729 0.0515945 0.185724 0.818208
0 0.29983 0.454565 0.0525717 0.158848 0.811924
0 0.733946 0.468631 0.0371178 0.200707 0.796518
0 0.550125 0.471337 0.060115 0.2148 0.76716
0 0.606578 0.452498 0.0326737 0.161129 0.761093
0 0.25904 0.445251 0.0339232 0.132194 0.739905
0 0.680092 0.460975 0.0401925 0.187315 0.700701
0 0.573171 0.442495 0.0313429 0.14456 0.595827
0 0.890516 0.466832 0.0516891 0.174128 0.591807
0 0.658233 0.455487 0.0299329 0.173247 0.551491
0 0.509119 0.442718 0.0372207 0.129185 0.55054
0 0.0177169 0.608879 0.0351918 0.25259 0.499901
0 0.0122789 0.610637 0.0243508 0.251973 0.467624
0 0.479041 0.436766 0.0274826 0.123123 0.454234
0 0.653468 0.453909 0.0427479 0.169535 0.419108
0 0.00730581 0.56358 0.0145141 0.156696 0.30411
0 0.480331 0.460634 0.0286634 0.150961 0.255771
