0 0.737867 0.122603 0.521318 0.24336 0.733557
45 0.176739 0.690966 0.312981 0.236791 0.717015
60 0.500655 0.519795 0.998689 0.948265 0.670855
39 0.384349 0.517305 0.0905225 0.164628 0.620995
45 0.309408 0.269847 0.101217 0.0705494 0.591106
43 0.204169 0.552378 0.0499196 0.184043 0.557163
53 0.0779879 0.522652 0.155383 0.224143 0.528876
45 0.647874 0.218331 0.192202 0.0839139 0.510591
48 0.683103 0.573715 0.186088 0.214828 0.49725
45 0.610422 0.286179 0.240302 0.128104 0.434493
42 0.953059 0.296277 0.0930794 0.101222 0.414881
55 0.901105 0.335239 0.194308 0.163283 0.346532
42 0.975305 0.559223 0.0484253 0.0714256 0.334667
0 0.337585 0.127234 0.542843 0.253384 0.327562
43 0.975247 0.559585 0.0489789 0.0705604 0.27091
44 0.572337 0.161988 0.0487265 0.160311 0.263197
