0 0.415731 0.723561 0.349044 0.551343 0.915857
56 0.822833 0.516534 0.155367 0.314113 0.891828
63 0.234462 0.612024 0.162609 0.172669 0.885205
0 0.591557 0.367644 0.141391 0.345256 0.873595
63 0.198161 0.846265 0.236568 0.245478 0.869994
0 0.698703 0.173831 0.132786 0.300037 0.844531
56 0.667086 0.783697 0.193887 0.36525 0.830525
56 0.353213 0.332649 0.112938 0.137953 0.759776
56 0.543422 0.433831 0.136855 0.262214 0.742891
56 0.482253 0.547062 0.0638559 0.194091 0.707701
56 0.623051 0.933459 0.0703988 0.131824 0.635252
60 0.7487 0.445039 0.298121 0.277681 0.588421
62 0.334392 0.207116 0.0638848 0.089408 0.542528
41 0.0845202 0.917483 0.0555101 0.0831011 0.516125
0 0.781076 0.236124 0.079644 0.174099 0.480821
41 0.158029 0.717295 0.0450129 0.100888 0.480494
56 0.337095 0.304186 0.0826404 0.0787282 0.432639
0 0.905118 0.321867 0.189133 0.338122 0.39627
66 0.249407 0.66157 0.0862103 0.0639519 0.330202
41 0.420053 0.396777 0.0407141 0.0401388 0.320438
66 0.220565 0.891996 0.0871025 0.103574 0.295004
56 0.370723 0.463093 0.167803 0.10166 0.29018
0 0.905149 0.397527 0.188587 0.49188 0.285784
41 0.415376 0.249589 0.0210419 0.0298749 0.285327
62 0.565683 0.225396 0.0595304 0.0632078 0.283625
60 0.748028 0.343692 0.296566 0.0790964 0.276802
56 0.0979798 0.391851 0.0840398 0.060531 0.267623
