2 0.562532 0.855585 0.11106 0.0771743 0.893953
2 0.651284 0.849036 0.0849489 0.0582967 0.835114
2 0.407352 0.83053 0.0515889 0.0403989 0.692974
2 0.364635 0.821973 0.024594 0.0217856 0.679388
0 0.19382 0.830674 0.0176334 0.0424743 0.677004
5 0.522413 0.792606 0.0927767 0.0634336 0.570259
7 0.859131 0.883443 0.281141 0.211019 0.567424
2 0.859135 0.883503 0.280976 0.210289 0.547885
2 0.360128 0.821236 0.0311654 0.0217034 0.540841
0 0.246505 0.828478 0.0126674 0.0381381 0.30858
0 0.25411 0.829923 0.00915894 0.0387287 0.279188
0 0.261648 0.830101 0.0127121 0.0381202 0.260743
