0 0.104049 0.626168 0.1122 0.414988 0.812784
0 0.358058 0.610702 0.0766757 0.313796 0.772363
0 0.632819 0.836688 0.121856 0.318878 0.768853
0 0.268092 0.628968 0.079364 0.268353 0.715594
0 0.794392 0.588955 0.0299259 0.117739 0.694509
0 0.184739 0.610048 0.0821531 0.359143 0.612127
0 0.851747 0.574049 0.0303185 0.113581 0.60417
6 0.271523 0.444036 0.542709 0.286804 0.59777
24 0.165191 0.528656 0.0516658 0.0924998 0.508771
0 0.406663 0.596955 0.0526092 0.293512 0.493864
0 0.509107 0.530963 0.0545938 0.0892722 0.445811
0 0.103119 0.499063 0.110389 0.157993 0.413788
6 0.267731 0.511368 0.535461 0.423774 0.381626
0 0.629963 0.542309 0.0312665 0.0674417 0.34562
0 0.597643 0.530891 0.0351861 0.0856264 0.333284
0 0.558832 0.529693 0.0404352 0.088979 0.320426
0 0.55529 0.582237 0.0390461 0.192157 0.294134
6 0.152241 0.439344 0.303417 0.278286 0.290144
0 0.45459 0.525952 0.053121 0.0952038 0.254189
0 0.630241 0.582517 0.031879 0.153139 0.252371
