6 0.488177 0.464558 0.283806 0.715302 0.878841
0 0.0681873 0.786213 0.081986 0.328172 0.841196
6 0.787913 0.494078 0.422907 0.988155 0.810978
0 0.42266 0.196729 0.0265686 0.0870365 0.69829
0 0.989478 0.29189 0.0204285 0.145434 0.642002
0 0.274152 0.392208 0.037911 0.148054 0.59544
0 0.341604 0.385838 0.0389637 0.166989 0.571041
0 0.461315 0.458145 0.0280645 0.0673882 0.541539
0 0.176283 0.655656 0.0579103 0.271884 0.506638
0 0.367666 0.215204 0.0228092 0.111302 0.502384
0 0.0519398 0.606064 0.041908 0.131089 0.49461
0 0.466859 0.0866494 0.0187405 0.106914 0.491917
0 0.928975 0.257415 0.0258537 0.0663498 0.480793
0 0.561182 0.462886 0.0268121 0.0564335 0.455996
0 0.489527 0.46087 0.0365198 0.0630099 0.427171
6 0.0583057 0.178282 0.115716 0.154825 0.425309
0 0.312587 0.4013 0.0222112 0.131386 0.385707
0 0.113143 0.607749 0.0786068 0.230062 0.382068
0 0.391653 0.207915 0.0211431 0.106779 0.366013
0 0.189376 0.557923 0.0615739 0.263052 0.340763
0 0.889668 0.223726 0.0280439 0.0714879 0.332272
0 0.465568 0.102188 0.0173083 0.0740482 0.329588
0 0.096052 0.644093 0.0730882 0.158364 0.312335
0 0.31189 0.395106 0.0330335 0.144564 0.303323
0 0.0803275 0.634343 0.0993112 0.185972 0.299349
0 0.566198 0.461962 0.0409767 0.0592133 0.282875
0 0.305978 0.37663 0.049931 0.181835 0.255415
0 0.572808 0.458321 0.0520628 0.0630814 0.254795
0 0.139795 0.614099 0.129296 0.232688 0.251006
