0 0.873218 0.802817 0.0759914 0.388863 0.88674
0 0.810478 0.802782 0.0492498 0.393629 0.821137
33 0.373693 0.189546 0.284034 0.201634 0.811004
0 0.943142 0.817853 0.0721111 0.358376 0.791169
0 0.985367 0.775343 0.0285149 0.448468 0.423856
33 0.451235 0.727179 0.186961 0.327611 0.342637
33 0.296041 0.222965 0.134109 0.116232 0.319379
33 0.355265 0.732743 0.151442 0.316914 0.274956
33 0.38881 0.733529 0.311328 0.332796 0.266927
0 0.148124 0.756333 0.0113446 0.0538599 0.264824
0 0.162886 0.750687 0.00828984 0.0506901 0.256182
