2 0.831589 0.883735 0.335305 0.230521 0.862108
0 0.0829996 0.812216 0.165628 0.365879 0.855308
3 0.137145 0.882333 0.274289 0.226804 0.838738
3 0.546353 0.8917 0.280846 0.212317 0.830611
0 0.846487 0.773333 0.137835 0.247271 0.785863
0 0.551376 0.833932 0.120457 0.322815 0.774475
0 0.741021 0.795129 0.136087 0.300547 0.768786
0 0.466457 0.833372 0.0815075 0.296792 0.615686
2 0.962063 0.745254 0.0748533 0.154785 0.605253
0 0.205439 0.664251 0.0226003 0.0560224 0.518226
0 0.430414 0.703599 0.0292048 0.101164 0.458805
2 0.38802 0.699148 0.0470124 0.0749039 0.436329
0 0.428356 0.715523 0.0352822 0.126517 0.362346
0 0.452478 0.692156 0.0209458 0.0806453 0.354505
0 0.179995 0.662835 0.0219187 0.0636715 0.343117
0 0.497454 0.708295 0.040083 0.122684 0.313438
0 0.412399 0.702157 0.0191875 0.090111 0.298837
2 0.0927802 0.709742 0.18547 0.164994 0.288888
1 0.411897 0.799356 0.0490884 0.119266 0.270381
2 0.384576 0.690086 0.0518715 0.0957892 0.255627
