0 0.466 0.366442 0.320235 0.454675 0.93058
43 0.0921651 0.885931 0.182843 0.173603 0.870832
53 0.642981 0.763399 0.44126 0.285518 0.866154
39 0.155721 0.38957 0.0578433 0.218712 0.861112
0 0.755771 0.394407 0.339044 0.71691 0.793905
53 0.254427 0.831224 0.188734 0.137292 0.788674
53 0.187764 0.564785 0.248453 0.139915 0.771349
42 0.228801 0.900488 0.252177 0.193725 0.754236
41 0.478183 0.585105 0.0564862 0.155361 0.737346
0 0.0924478 0.355797 0.184433 0.708408 0.709284
41 0.351019 0.619457 0.0889691 0.282712 0.682333
43 0.226136 0.904589 0.249203 0.189971 0.639799
60 0.487031 0.750488 0.971933 0.471659 0.527983
39 0.226804 0.468257 0.0548454 0.106476 0.51933
41 0.373664 0.618444 0.133531 0.282518 0.497153
53 0.588255 0.635131 0.12177 0.0790566 0.471631
56 0.926422 0.564186 0.0316193 0.143325 0.425934
60 0.959776 0.600373 0.0793993 0.152099 0.370854
0 0.880091 0.381895 0.124472 0.260983 0.359793
0 0.908664 0.391995 0.181661 0.281887 0.32013
60 0.690258 0.792398 0.581193 0.387228 0.31579
