0 0.232654 0.404506 0.128045 0.243934 0.833268
56 0.447871 0.579502 0.141014 0.147027 0.680299
56 0.629385 0.5629 0.0701195 0.086202 0.667282
63 0.329246 0.483 0.0820377 0.118242 0.62415
39 0.979301 0.560977 0.0405579 0.153655 0.572516
56 0.235939 0.743771 0.275681 0.482272 0.541167
60 0.633043 0.731765 0.733915 0.259681 0.461254
39 0.874624 0.526406 0.0829716 0.264028 0.434103
60 0.631915 0.792272 0.736169 0.371876 0.362039
56 0.0280029 0.712101 0.0558133 0.445441 0.308493
56 0.0542766 0.720043 0.108328 0.461978 0.29795
60 0.629715 0.685321 0.73473 0.169566 0.295034
56 0.341328 0.585629 0.0712291 0.15545 0.280178
56 0.20255 0.707887 0.202933 0.397635 0.259434
