5 0.833816 0.57446 0.332368 0.473997 0.92926
0 0.865326 0.728275 0.0629326 0.276432 0.863439
0 0.93808 0.753614 0.077108 0.312222 0.862359
0 0.735973 0.705127 0.0450378 0.217793 0.824932
2 0.64769 0.659632 0.0598501 0.0526423 0.7279
0 0.514492 0.685193 0.0337526 0.13904 0.70512
2 0.605799 0.656428 0.0417106 0.0452823 0.604087
2 0.541048 0.645093 0.0314363 0.0422454 0.526626
2 0.486947 0.652316 0.0358371 0.0671416 0.463948
2 0.576043 0.654453 0.0282255 0.0415499 0.457937
0 0.444932 0.65869 0.0170776 0.0644179 0.397102
26 0.902665 0.745918 0.0265915 0.0720215 0.345601
2 0.538974 0.658032 0.0272974 0.0692055 0.282006
