2 0.236847 0.69596 0.473354 0.282156 0.940108
9 0.896235 0.364521 0.0417696 0.189763 0.842418
9 0.0414851 0.285105 0.0594518 0.254304 0.80298
9 0.224898 0.296802 0.0376282 0.107355 0.773491
2 0.104852 0.494085 0.0589143 0.0710755 0.739037
19 0.49914 0.613175 0.110585 0.156832 0.679308
9 0.259737 0.298685 0.0303885 0.114855 0.592249
9 0.413248 0.358122 0.0499424 0.172286 0.521876
9 0.416725 0.377696 0.0429756 0.127641 0.479893
12 0.0342391 0.547574 0.0257397 0.0640711 0.447275
2 0.00763311 0.492563 0.0151384 0.0545755 0.302619
