0 0.412979 0.660064 0.227605 0.673591 0.926492
0 0.691841 0.618136 0.4126 0.74212 0.916452
0 0.167136 0.71769 0.331164 0.55259 0.910259
2 0.959902 0.589899 0.0792896 0.249705 0.592473
0 0.310408 0.46798 0.080348 0.197752 0.571551
0 0.0932263 0.648127 0.186453 0.654164 0.431093
0 0.570084 0.552839 0.117455 0.368967 0.371347
0 0.0257004 0.50356 0.0514008 0.18338 0.320276
67 0.806018 0.473339 0.0240862 0.0798432 0.281542
0 0.0930354 0.5276 0.183126 0.411716 0.264975
0 0.55466 0.669414 0.142562 0.607734 0.255251
