2 0.598562 0.713141 0.389872 0.475792 0.93647
9 0.292637 0.11757 0.0370621 0.111529 0.882685
9 0.892911 0.220113 0.0698932 0.175473 0.85341
10 0.952628 0.709191 0.0435508 0.117622 0.817251
2 0.955941 0.544807 0.087245 0.0919234 0.762864
2 0.362774 0.592955 0.0509313 0.0496904 0.690607
9 0.645973 0.36785 0.0296629 0.0817056 0.68443
2 0.028825 0.775411 0.0572521 0.217309 0.648155
2 0.150295 0.596657 0.299586 0.388252 0.588302
7 0.150419 0.596203 0.300275 0.391009 0.518147
0 0.822302 0.596907 0.026918 0.110082 0.499148
9 0.826699 0.478725 0.0375038 0.0608388 0.408627
0 0.784707 0.597875 0.0376735 0.11323 0.374091
9 0.858715 0.416371 0.018037 0.0583683 0.265856
2 0.0142695 0.474312 0.0283904 0.0890325 0.262002
