19 0.583537 0.584991 0.534189 0.589625 0.938839
0 0.0682804 0.48026 0.0912328 0.325556 0.876605
0 0.176716 0.461885 0.0863025 0.333885 0.85242
0 0.981931 0.463968 0.0353691 0.215758 0.686915
0 0.318113 0.384168 0.0267066 0.136396 0.65849
0 0.339033 0.340659 0.0225133 0.0521793 0.638197
0 0.894252 0.401441 0.0195663 0.0864878 0.603858
0 0.252093 0.377758 0.0294595 0.109942 0.570034
0 0.276508 0.388206 0.0297062 0.132927 0.565875
0 0.128886 0.463041 0.0361814 0.236979 0.563422
2 0.22829 0.432329 0.0649733 0.116078 0.540492
0 0.36002 0.3381 0.0248696 0.0371662 0.527405
0 0.286836 0.388694 0.0241076 0.133216 0.460613
0 0.391975 0.335665 0.0223445 0.0310411 0.456979
7 0.07529 0.3898 0.15058 0.31923 0.43183
7 0.130559 0.382722 0.260072 0.309816 0.297694
0 0.29055 0.386141 0.0175951 0.12464 0.281682
