5 0.470617 0.471835 0.466971 0.470703 0.932565
5 0.204334 0.252714 0.240094 0.3012 0.909221
2 0.766281 0.843713 0.261183 0.261967 0.895372
2 0.306255 0.708744 0.221139 0.255335 0.863744
2 0.0440799 0.393493 0.0878872 0.147153 0.855069
0 0.0371502 0.181118 0.0319813 0.110044 0.768114
2 0.619699 0.985676 0.184826 0.027645 0.461264
2 0.935196 0.8996 0.128624 0.199684 0.385774
0 0.203709 0.26498 0.0355018 0.0465271 0.351198
2 0.948874 0.103392 0.0997761 0.0755122 0.347724
2 0.912255 0.114469 0.025592 0.0614876 0.310467
0 0.0047662 0.119235 0.00953241 0.0799034 0.260313
