0 0.406196 0.581912 0.189079 0.568898 0.91589
38 0.395703 0.69075 0.0346753 0.128155 0.818384
0 0.681661 0.170193 0.0614644 0.124542 0.80542
0 0.200529 0.160852 0.0766563 0.141861 0.788249
0 0.814782 0.164513 0.0788752 0.139203 0.76466
0 0.899482 0.464224 0.0866087 0.207138 0.759478
0 0.749243 0.167376 0.0654156 0.128652 0.682761
0 0.0929443 0.165695 0.0532444 0.127066 0.637045
56 0.705644 0.42539 0.104898 0.204361 0.597735
0 0.145728 0.162855 0.0625431 0.131263 0.591114
0 0.0405461 0.162524 0.071302 0.135651 0.564753
24 0.540725 0.465433 0.0867092 0.107716 0.564191
0 0.617893 0.170305 0.064855 0.121401 0.562325
38 0.391098 0.684454 0.0435639 0.144925 0.403614
0 0.540032 0.18361 0.0570663 0.0972737 0.372667
0 0.773161 0.101141 0.0625587 0.14311 0.327224
56 0.62226 0.391497 0.0984482 0.251454 0.327029
0 0.844782 0.13937 0.0663837 0.180391 0.303845
