0 0.472144 0.312391 0.175874 0.303942 0.891686
0 0.188665 0.577185 0.32223 0.687529 0.842306
60 0.471355 0.708839 0.695534 0.579391 0.837386
0 0.814181 0.62241 0.2808 0.747361 0.810079
43 0.355266 0.857386 0.0792703 0.138867 0.805442
41 0.631816 0.758329 0.0594326 0.106901 0.797177
41 0.54952 0.736619 0.049469 0.167829 0.77862
43 0.59538 0.549084 0.0573702 0.0794435 0.664543
0 0.65376 0.397588 0.195951 0.46718 0.660275
0 0.520158 0.119778 0.134378 0.177117 0.655262
41 0.393177 0.583522 0.0415562 0.144284 0.631483
56 0.9498 0.780144 0.0994326 0.438601 0.586088
56 0.0934592 0.741817 0.186738 0.506643 0.572159
2 0.793301 0.118254 0.108477 0.0755069 0.538584
0 0.384662 0.0970767 0.0863951 0.174315 0.48386
2 0.920938 0.0860686 0.0800005 0.0476705 0.470054
56 0.396078 0.172912 0.0758169 0.16928 0.436467
2 0.876047 0.0781082 0.0834045 0.0460767 0.429215
41 0.52877 0.454069 0.0343553 0.102583 0.411376
43 0.311358 0.619606 0.0555879 0.0908101 0.407037
2 0.956063 0.0951066 0.0863962 0.0564537 0.404567
56 0.096624 0.210742 0.108223 0.0724595 0.396551
41 0.48152 0.350151 0.0326164 0.055816 0.382835
60 0.078022 0.316452 0.155847 0.163619 0.354988
0 0.298724 0.129461 0.101717 0.22495 0.325804
53 0.269299 0.861547 0.118502 0.090507 0.324069
41 0.481224 0.379745 0.0337889 0.115283 0.306653
0 0.491463 0.0663037 0.0355221 0.0712759 0.302699
60 0.0773533 0.270379 0.154585 0.068087 0.296812
56 0.0242159 0.169143 0.048231 0.143776 0.292819
2 0.774835 0.118284 0.0735017 0.0728031 0.28996
60 0.203039 0.206575 0.157916 0.130397 0.285729
2 0.82073 0.0660257 0.0875991 0.0513575 0.27856
53 0.344216 0.791046 0.167785 0.148948 0.267292
0 0.463164 0.107967 0.0303318 0.0650534 0.265181
56 0.534927 0.1815 0.0816628 0.0633739 0.264954
45 0.566192 0.611336 0.0505798 0.0480649 0.255827
2 0.701625 0.16759 0.153055 0.111494 0.254683
