7 0.844784 0.530885 0.286168 0.181664 0.868097
5 0.272733 0.477985 0.337628 0.186473 0.829727
0 0.57839 0.512956 0.0507092 0.132946 0.802168
0 0.540119 0.514349 0.0300144 0.134372 0.746976
7 0.0521193 0.502578 0.103617 0.161811 0.601394
0 0.456223 0.499742 0.0448017 0.0820275 0.599578
7 0.752904 0.601146 0.236574 0.207417 0.594106
2 0.751576 0.598957 0.236576 0.208368 0.530867
0 0.340677 0.534278 0.0581656 0.182288 0.360235
0 0.193394 0.43866 0.0222817 0.0320059 0.31137
7 0.421518 0.550945 0.222482 0.195028 0.283259
0 0.231798 0.43879 0.0222048 0.0322913 0.273505
0 0.0948446 0.468255 0.0288683 0.10876 0.254754
