0 0.561899 0.487503 0.213984 0.613693 0.896852
0 0.382655 0.506862 0.196108 0.445642 0.833504
0 0.184882 0.340671 0.060911 0.156757 0.799171
0 0.259682 0.336249 0.0567011 0.156904 0.724595
34 0.680194 0.387557 0.153713 0.0822735 0.663904
0 0.30382 0.331475 0.0510812 0.150455 0.619309
0 0.134046 0.268732 0.0486843 0.0924375 0.559116
0 0.077281 0.351487 0.067021 0.148734 0.542822
0 0.129855 0.342936 0.0505632 0.154314 0.519601
0 0.0751301 0.272382 0.0717603 0.107943 0.440086
2 0.680931 0.300992 0.0751072 0.0617913 0.438117
0 0.32083 0.257246 0.0378836 0.0877693 0.377412
2 0.220367 0.310962 0.0531964 0.0558193 0.342196
2 0.873044 0.293756 0.0569981 0.0569172 0.267874
