0 0.846178 0.576216 0.0867271 0.321637 0.892137
0 0.208147 0.65955 0.119831 0.45591 0.858894
0 0.276154 0.622567 0.0907196 0.456258 0.838344
5 0.564029 0.446553 0.420966 0.39427 0.797289
0 0.0939064 0.672013 0.105264 0.496293 0.781164
0 0.160965 0.566063 0.0764781 0.374832 0.716252
0 0.162338 0.347144 0.0811504 0.200397 0.716027
5 0.175337 0.417872 0.348953 0.786251 0.633789
26 0.878678 0.554487 0.0425983 0.130148 0.42448
0 0.80797 0.466464 0.0268726 0.0971417 0.396243
26 0.124378 0.764197 0.0674692 0.114021 0.395299
26 0.247261 0.684666 0.0578843 0.134421 0.345613
2 0.767898 0.460161 0.056402 0.109427 0.304643
0 0.35994 0.502468 0.0155275 0.0808295 0.289443
0 0.886675 0.46633 0.0309738 0.0970054 0.258742
