0 0.936268 0.563306 0.126493 0.858226 0.92689
0 0.399306 0.665461 0.191468 0.650849 0.917078
0 0.0386881 0.687348 0.0770201 0.486122 0.885745
0 0.580541 0.496576 0.133949 0.249503 0.880489
0 0.169172 0.650522 0.0992627 0.454294 0.856401
0 0.808617 0.676969 0.1485 0.617942 0.848555
0 0.243464 0.622432 0.0730945 0.371794 0.833631
0 0.730717 0.523105 0.0548684 0.257736 0.789721
0 0.0862881 0.664848 0.0755376 0.394392 0.688087
45 0.611279 0.648559 0.0446284 0.0395857 0.653813
0 0.295256 0.593151 0.0416111 0.284587 0.610257
60 0.649068 0.793813 0.352742 0.395274 0.566629
0 0.855801 0.480404 0.0441084 0.138544 0.496682
26 0.337128 0.842813 0.0816813 0.20354 0.490688
0 0.635833 0.475706 0.0422533 0.113109 0.435584
0 0.637345 0.521545 0.0478773 0.207002 0.402501
0 0.635355 0.457331 0.0386166 0.0755214 0.376354
26 0.0879251 0.704372 0.0670949 0.108183 0.312293
0 0.0808375 0.581835 0.0553611 0.217991 0.262447
