25 0.748317 0.385434 0.135179 0.115361 0.885219
0 0.73357 0.600469 0.0831447 0.423636 0.866711
0 0.614303 0.639352 0.103545 0.404173 0.860325
25 0.588783 0.425042 0.150941 0.105353 0.775177
2 0.0586342 0.374416 0.0513597 0.0371462 0.691709
26 0.569814 0.548942 0.0343237 0.12649 0.690426
0 0.215784 0.373592 0.0209541 0.0651739 0.477749
2 0.501387 0.389171 0.034252 0.0430378 0.414787
0 0.207894 0.375033 0.0146052 0.061852 0.404235
0 0.212155 0.373064 0.0193432 0.0643497 0.361638
0 0.435356 0.403021 0.017137 0.0630765 0.327863
9 0.636426 0.285212 0.0134907 0.035986 0.297535
0 0.461094 0.404898 0.0273966 0.0658049 0.289309
1 0.214023 0.375505 0.0277302 0.0666977 0.270269
26 0.726525 0.564645 0.076819 0.23452 0.268365
