0 0.606953 0.48539 0.320249 0.769363 0.930597
32 0.914974 0.886938 0.0779789 0.113937 0.920941
0 0.153447 0.541711 0.305807 0.713428 0.908928
0 0.389945 0.555747 0.280565 0.784899 0.901043
0 0.31907 0.467146 0.184949 0.665214 0.829679
0 0.0700747 0.2622 0.068751 0.252025 0.778588
0 0.0370845 0.432509 0.0741202 0.463957 0.763049
29 0.606183 0.490604 0.0950537 0.141683 0.668691
2 0.556966 0.220693 0.16351 0.169315 0.578634
0 0.0519783 0.541355 0.103957 0.689976 0.557867
0 0.301057 0.201673 0.0783459 0.154534 0.411178
2 0.244929 0.0156823 0.054521 0.0300515 0.401375
2 0.410926 0.239402 0.0746066 0.0990349 0.289655
