5 0.87212 0.450973 0.252456 0.226609 0.911347
2 0.825563 0.757593 0.346508 0.464526 0.848945
0 0.744005 0.520503 0.0314844 0.126029 0.748331
0 0.0814925 0.481432 0.0204374 0.0870235 0.694007
3 0.631416 0.554302 0.107324 0.113758 0.627846
0 0.649416 0.485043 0.0369228 0.0851564 0.587196
2 0.237554 0.468013 0.0439532 0.0282141 0.553219
3 0.475535 0.552137 0.131495 0.152949 0.531439
0 0.703386 0.491361 0.0198553 0.0819039 0.490882
0 0.606516 0.477245 0.0360232 0.0844679 0.412881
2 0.156823 0.744923 0.312723 0.484168 0.327752
0 0.672853 0.47911 0.0198816 0.0700007 0.322327
0 0.719455 0.49345 0.0170908 0.0837663 0.314634
2 0.308405 0.839683 0.233884 0.308583 0.313995
0 0.61439 0.479574 0.0240273 0.0807211 0.280066
0 0.365468 0.511079 0.0196849 0.0623858 0.274665
