2 0.566579 0.710012 0.131491 0.0677459 0.862214
2 0.308972 0.693161 0.109232 0.0608114 0.827796
2 0.630127 0.701154 0.0722895 0.055114 0.694569
2 0.103796 0.702505 0.0635021 0.0535885 0.68617
2 0.185354 0.690759 0.118615 0.0575278 0.676596
2 0.0447566 0.708624 0.0786178 0.0570562 0.643125
9 0.639923 0.554001 0.02253 0.0295927 0.624684
2 0.3829 0.671879 0.0560359 0.029192 0.585502
5 0.635899 0.66402 0.13653 0.0963018 0.531077
2 0.672225 0.697044 0.0546082 0.0488835 0.514811
2 0.482648 0.665131 0.0424479 0.021833 0.480027
0 0.953661 0.830223 0.0926777 0.338964 0.46507
2 0.555589 0.653363 0.0277854 0.0179805 0.418687
9 0.393702 0.570729 0.0232916 0.0254598 0.379939
2 0.44378 0.669858 0.0471433 0.0264879 0.364469
2 0.435394 0.670621 0.0405494 0.0267208 0.34808
2 0.512807 0.66232 0.0340759 0.0211679 0.335221
2 0.422427 0.671383 0.0366045 0.0275978 0.319778
2 0.0239129 0.708504 0.0439324 0.0606188 0.281749
