0 0.409815 0.666181 0.50269 0.664464 0.910577
0 0.813285 0.567578 0.372122 0.863019 0.832596
0 0.144433 0.694981 0.287271 0.604254 0.802754
2 0.8885 0.428663 0.0934474 0.103611 0.80162
2 0.149314 0.391654 0.116319 0.0507392 0.800692
2 0.777088 0.403338 0.106894 0.0690278 0.79275
9 0.507696 0.259546 0.0355865 0.077348 0.78019
0 0.112999 0.449674 0.225999 0.221108 0.774214
0 0.667891 0.397773 0.0464486 0.0848596 0.7512
9 0.462901 0.258782 0.0497823 0.0732421 0.661592
0 0.558063 0.399506 0.03407 0.069155 0.655728
2 0.295341 0.377683 0.0366467 0.033007 0.612634
0 0.465206 0.391617 0.035451 0.0831538 0.607993
0 0.624054 0.396428 0.0263865 0.0718322 0.566734
0 0.516199 0.399258 0.0297692 0.0680511 0.499991
2 0.847851 0.402721 0.0419833 0.0480886 0.483963
0 0.551379 0.398539 0.0451898 0.0706235 0.429689
0 0.598032 0.395038 0.0275645 0.0717617 0.393386
0 0.441618 0.390748 0.0216972 0.0559432 0.377459
2 0.8564 0.40677 0.0491226 0.0575042 0.293916
9 0.420427 0.310081 0.0198121 0.0367555 0.258044
