2 0.127949 0.480812 0.15583 0.0785339 0.875617
49 0.376848 0.491336 0.338195 0.502742 0.860188
2 0.624102 0.489779 0.0569361 0.0537946 0.779949
2 0.0281097 0.483871 0.0557985 0.067713 0.745468
7 0.811565 0.46348 0.135837 0.124225 0.737514
2 0.571605 0.479547 0.0602626 0.0782419 0.629593
2 0.674302 0.484513 0.0660233 0.0601235 0.542064
2 0.961602 0.497133 0.0348585 0.0369364 0.468158
2 0.726881 0.486692 0.0422415 0.0561879 0.458276
2 0.572996 0.49259 0.0577828 0.0533955 0.353348
2 0.737343 0.485409 0.0628702 0.0567728 0.278853
