0 0.341744 0.603186 0.198176 0.406227 0.903848
0 0.728415 0.646435 0.136628 0.300959 0.896252
0 0.141705 0.227211 0.0723676 0.210431 0.88547
0 0.602637 0.638173 0.153702 0.318902 0.868721
35 0.544823 0.504067 0.0326027 0.0555077 0.740598
34 0.250432 0.490724 0.112303 0.0413211 0.654482
0 0.810055 0.138418 0.0322638 0.0910415 0.623125
32 0.576443 0.147333 0.0181896 0.0204621 0.453333
34 0.239604 0.486675 0.090564 0.0336435 0.436266
32 0.430349 0.235326 0.0194868 0.0163158 0.40714
35 0.291705 0.496459 0.0372244 0.0443633 0.309162
