0 0.353745 0.722701 0.348483 0.536339 0.769927
0 0.222564 0.489168 0.302321 0.875908 0.708396
0 0.852697 0.295426 0.247544 0.478675 0.674181
0 0.110431 0.50866 0.22013 0.960056 0.607787
0 0.732815 0.356926 0.361619 0.60709 0.56164
0 0.417242 0.307506 0.31279 0.560304 0.537731
0 0.650065 0.507021 0.444082 0.937691 0.469863
0 0.58223 0.216741 0.102924 0.301862 0.429241
27 0.426536 0.336366 0.0315472 0.0729265 0.340597
0 0.109919 0.652028 0.219298 0.674175 0.319141
0 0.717335 0.511406 0.331958 0.91536 0.293984
0 0.555255 0.50062 0.607 0.959833 0.263148
