0 0.593306 0.517573 0.0882717 0.384726 0.867156
3 0.321138 0.602834 0.419652 0.407858 0.841538
0 0.389788 0.46137 0.0692359 0.232192 0.82309
0 0.778814 0.441973 0.100917 0.249789 0.799357
2 0.907299 0.390306 0.0646948 0.0739501 0.795538
0 0.65609 0.457196 0.0740946 0.297614 0.785545
0 0.331229 0.386773 0.0671433 0.160234 0.753069
2 0.522429 0.418794 0.112629 0.129877 0.743817
2 0.791063 0.414072 0.157381 0.177465 0.717755
7 0.450397 0.358731 0.12534 0.108914 0.700298
2 0.508105 0.377509 0.0674604 0.0633122 0.601452
24 0.444288 0.526541 0.0687167 0.0960178 0.537133
7 0.19605 0.340171 0.385189 0.256287 0.530888
2 0.697375 0.381101 0.0600651 0.0779887 0.511715
2 0.881727 0.367744 0.0705139 0.0661049 0.496063
39 0.899432 0.624005 0.0170715 0.0652093 0.453185
2 0.542115 0.415345 0.150054 0.137644 0.43581
2 0.881824 0.359346 0.0656998 0.0510863 0.387131
2 0.742384 0.411143 0.0545301 0.151797 0.299022
7 0.888375 0.309143 0.0841827 0.103823 0.256666
