0 0.744731 0.619041 0.397141 0.605622 0.939387
0 0.433331 0.549007 0.289994 0.76474 0.924496
0 0.093479 0.286251 0.0948204 0.360235 0.877718
29 0.744438 0.62038 0.112285 0.195886 0.850129
0 0.14802 0.260893 0.0787793 0.364209 0.831973
0 0.910881 0.183493 0.0440287 0.201969 0.750227
0 0.984195 0.190563 0.030769 0.206557 0.716651
0 0.805421 0.193943 0.0389601 0.181976 0.677414
0 0.845931 0.198071 0.0266713 0.177133 0.675811
29 0.948075 0.505813 0.060133 0.0772175 0.626004
2 0.617111 0.198474 0.0241516 0.0330468 0.272799
