11 0.305794 0.362352 0.19774 0.310425 0.982671
2 0.453305 0.949394 0.0915526 0.100573 0.789115
0 0.834212 0.947939 0.033337 0.104122 0.726402
2 0.533661 0.954834 0.0721277 0.080971 0.665213
0 0.870226 0.946052 0.0241486 0.104777 0.635902
2 0.601593 0.945228 0.0720572 0.089306 0.629153
2 0.366926 0.943585 0.118296 0.111661 0.614917
2 0.219403 0.966571 0.139567 0.0668577 0.543418
2 0.707208 0.951887 0.191117 0.0918553 0.524413
0 0.811237 0.935328 0.0218811 0.0782336 0.352015
2 0.198017 0.979415 0.0972776 0.0387023 0.275453
0 0.790808 0.949232 0.0509363 0.100741 0.256886
2 0.660015 0.957692 0.0986322 0.0838236 0.254699
