0 0.286563 0.39046 0.0897902 0.228441 0.799597
0 0.897203 0.508416 0.0672203 0.194125 0.741607
0 0.782584 0.488435 0.0650898 0.142979 0.688418
2 0.328553 0.138819 0.0730097 0.0345051 0.665288
0 0.458181 0.480709 0.0609575 0.173025 0.6448
0 0.503115 0.149066 0.0134148 0.0486198 0.624591
0 0.959268 0.51134 0.0804939 0.174598 0.564988
8 0.529284 0.529227 0.936951 0.152521 0.559968
0 0.570289 0.4873 0.0773635 0.159549 0.471153
0 0.814406 0.133074 0.0168846 0.0432346 0.381293
0 0.876293 0.131393 0.0168671 0.0513389 0.375601
0 0.534302 0.148253 0.0167504 0.0451472 0.360767
2 0.388113 0.137947 0.0457983 0.0274094 0.345477
0 0.829013 0.448205 0.0514778 0.0947061 0.314024
0 0.830309 0.471438 0.0588245 0.141355 0.308169
8 0.450381 0.496345 0.864593 0.191777 0.302696
0 0.516937 0.45297 0.0706289 0.1438 0.29664
0 0.736352 0.440856 0.0606609 0.0834954 0.285597
0 0.680629 0.482079 0.0602766 0.162706 0.283614
0 0.729239 0.508613 0.0739927 0.11774 0.264455
0 0.83208 0.514213 0.0770008 0.108414 0.259197
