41 0.832471 0.864688 0.331568 0.268131 0.921797
0 0.500638 0.45281 0.744698 0.467081 0.904388
53 0.486119 0.725225 0.475105 0.154784 0.886446
41 0.0790251 0.373568 0.0804079 0.0616275 0.851688
41 0.95176 0.632841 0.0964791 0.202268 0.827858
60 0.5 0.822359 1 0.351854 0.79485
41 0.702404 0.337271 0.0764108 0.0630259 0.630802
60 0.0944924 0.419768 0.188985 0.0966982 0.615011
0 0.80823 0.327014 0.375288 0.315469 0.608158
0 0.379838 0.193131 0.127062 0.071589 0.467685
0 0.269699 0.273068 0.171465 0.162865 0.438609
56 0.780378 0.573831 0.240386 0.164705 0.252814
0 0.0771568 0.234197 0.148082 0.280043 0.252412
