17 0.66333 0.558697 0.347338 0.441287 0.942003
0 0.40845 0.367284 0.103803 0.258778 0.830954
0 0.129295 0.593283 0.0756045 0.230327 0.81225
0 0.199974 0.453999 0.0595523 0.133926 0.538725
2 0.9802 0.465583 0.038871 0.0383107 0.415906
2 0.153871 0.456743 0.0359423 0.0278507 0.346481
2 0.14458 0.456667 0.0247856 0.0277786 0.34016
2 0.0608588 0.463069 0.0279924 0.0268515 0.325847
2 0.00927841 0.471101 0.0185128 0.0342273 0.325797
2 0.0866604 0.458379 0.0357552 0.0296155 0.319533
2 0.0125228 0.467245 0.0250456 0.0390809 0.252913
2 0.163187 0.456171 0.0192134 0.0263944 0.250368
