62 0.445946 0.489349 0.376702 0.316864 0.870481
75 0.208687 0.649135 0.0553653 0.101418 0.69246
75 0.686068 0.661606 0.0499023 0.104964 0.524145
75 0.627223 0.659472 0.0540255 0.103205 0.518303
45 0.0427307 0.875923 0.0614804 0.0481804 0.473002
75 0.954116 0.507088 0.0903477 0.212285 0.466152
0 0.337558 0.510257 0.0864894 0.162798 0.45668
56 0.971496 0.836211 0.0560448 0.321963 0.366196
0 0.428945 0.488683 0.12795 0.206226 0.351641
41 0.848042 0.860345 0.0436085 0.0794507 0.314945
75 0.746425 0.852947 0.0409979 0.0861169 0.283421
75 0.250243 0.666655 0.0331599 0.0708117 0.262991
