5 0.544746 0.721635 0.47213 0.217005 0.942293
5 0.833113 0.681682 0.144422 0.110387 0.875302
0 0.153274 0.770001 0.0581619 0.137168 0.832826
2 0.849413 0.75988 0.166748 0.0906361 0.806311
0 0.283054 0.752783 0.0396473 0.128502 0.796499
2 0.948703 0.746918 0.101574 0.0698849 0.690715
9 0.255769 0.615272 0.0245363 0.0511947 0.613997
9 0.217241 0.61185 0.0180482 0.0588242 0.59695
2 0.657717 0.774445 0.26955 0.11738 0.435556
7 0.660229 0.773854 0.275718 0.117802 0.413183
5 0.836454 0.716403 0.152722 0.179714 0.395747
