0 0.790269 0.69256 0.357738 0.595224 0.931013
0 0.311873 0.697837 0.262375 0.586886 0.905163
0 0.677139 0.576423 0.211516 0.433283 0.849041
0 0.424206 0.382177 0.129833 0.438919 0.824387
0 0.0805258 0.601914 0.160455 0.773812 0.813246
0 0.405026 0.493996 0.131156 0.291366 0.807186
60 0.520599 0.781948 0.407561 0.409614 0.804924
0 0.635343 0.503266 0.162991 0.354127 0.78899
0 0.212223 0.582806 0.125633 0.500915 0.732739
40 0.430626 0.656876 0.0266161 0.108326 0.724051
56 0.161359 0.818744 0.0814317 0.357887 0.707546
0 0.180094 0.364744 0.102619 0.462807 0.624808
40 0.510757 0.835777 0.0433847 0.126906 0.62471
40 0.591221 0.780953 0.0364475 0.129146 0.614526
56 0.493682 0.412871 0.0408322 0.154343 0.562591
41 0.591406 0.763371 0.0367084 0.107252 0.492514
41 0.509037 0.835693 0.0423412 0.130297 0.39129
40 0.465619 0.634674 0.0237553 0.118033 0.334043
58 0.967387 0.0719938 0.0641277 0.134403 0.287586
40 0.464315 0.611408 0.0220833 0.0827549 0.286614
58 0.407515 0.101478 0.130301 0.202956 0.279889
53 0.428288 0.819167 0.0851391 0.0690411 0.270203
40 0.560012 0.592858 0.0235596 0.0934464 0.268076
40 0.520342 0.755846 0.036944 0.103617 0.250294
