5 0.450134 0.705769 0.370033 0.293881 0.916502
2 0.95097 0.863765 0.0973137 0.262296 0.907239
2 0.804341 0.766799 0.0654844 0.0649138 0.87792
2 0.140277 0.784099 0.150395 0.16816 0.847795
2 0.0425867 0.784605 0.0851733 0.190667 0.770118
2 0.887839 0.770586 0.0691059 0.0766899 0.706337
2 0.691882 0.766836 0.107474 0.126971 0.691007
9 0.838394 0.351863 0.0213146 0.0716984 0.682768
2 0.754449 0.762977 0.0383648 0.0534128 0.670615
2 0.841928 0.755481 0.0237375 0.0426607 0.629106
2 0.937481 0.762023 0.0301521 0.0484502 0.327699
