0 0.511984 0.400282 0.138976 0.280222 0.858024
2 0.347357 0.40923 0.0554044 0.150087 0.739485
2 0.128939 0.53738 0.257037 0.902436 0.698898
28 0.47009 0.717861 0.111149 0.147604 0.650132
2 0.921671 0.606059 0.146455 0.174423 0.622584
0 0.618995 0.397351 0.147938 0.201025 0.601602
28 0.569892 0.55775 0.277805 0.182843 0.592517
2 0.836777 0.552037 0.324509 0.885983 0.514264
28 0.570672 0.67389 0.102115 0.205821 0.473297
2 0.234475 0.371883 0.219605 0.393008 0.464863
7 0.564436 0.399561 0.331211 0.344055 0.457851
2 0.972956 0.629079 0.0532429 0.176974 0.442004
2 0.395937 0.394521 0.0316871 0.0816888 0.403574
0 0.586407 0.399277 0.0821844 0.198935 0.353654
7 0.840899 0.488918 0.315061 0.971483 0.333026
