0 0.880889 0.753544 0.175034 0.327446 0.911436
0 0.554264 0.764032 0.2231 0.245817 0.90801
2 0.332191 0.676226 0.13569 0.057146 0.732882
0 0.434962 0.712657 0.0788476 0.147453 0.712355
28 0.710833 0.80678 0.132035 0.227395 0.64543
0 0.141038 0.657218 0.0320689 0.0543644 0.571706
2 0.79194 0.668658 0.0635132 0.0571251 0.568045
2 0.577088 0.653694 0.0723721 0.0275013 0.473115
2 0.480778 0.653761 0.082419 0.0403994 0.445823
2 0.688478 0.645554 0.0682364 0.029616 0.411155
28 0.717342 0.855573 0.117022 0.131077 0.381414
2 0.591388 0.654439 0.044464 0.0261669 0.381279
0 0.228093 0.674225 0.0475391 0.0801384 0.366229
0 0.214376 0.653566 0.0291654 0.0404265 0.336598
2 0.566511 0.653258 0.0948939 0.0304647 0.317242
0 0.107909 0.651909 0.0241723 0.0281527 0.302529
2 0.392579 0.674553 0.0644119 0.0301207 0.284322
2 0.490751 0.654815 0.0613668 0.0367921 0.277637
2 0.463254 0.653478 0.107466 0.0397871 0.25822
0 0.181875 0.659215 0.0293982 0.0331135 0.25557
