66 0.819492 0.87863 0.213509 0.241569 0.872697
63 0.256365 0.819126 0.312266 0.360769 0.862649
0 0.602148 0.389874 0.225361 0.414724 0.857214
63 0.584669 0.737441 0.341956 0.525118 0.840409
0 0.354458 0.378667 0.256656 0.36813 0.816226
41 0.595474 0.674582 0.0678038 0.161894 0.810577
64 0.762849 0.774363 0.0894726 0.0697862 0.787528
63 0.649075 0.576813 0.2791 0.216362 0.740298
0 0.0840806 0.283184 0.167153 0.197188 0.676691
0 0.92039 0.18227 0.0801563 0.151312 0.657578
41 0.451625 0.895849 0.117308 0.206421 0.624273
0 0.50241 0.307607 0.145663 0.364348 0.612374
63 0.0795503 0.493211 0.159101 0.262358 0.560123
41 0.447625 0.928815 0.109406 0.141226 0.525679
0 0.766542 0.308313 0.133481 0.336885 0.52509
63 0.0560783 0.546403 0.112104 0.193637 0.506772
0 0.628784 0.209537 0.157854 0.171384 0.503749
63 0.23671 0.510102 0.213638 0.139766 0.495092
0 0.847634 0.472127 0.304731 0.554384 0.47467
0 0.852877 0.594044 0.292922 0.802348 0.448788
39 0.316109 0.602834 0.041363 0.106584 0.42169
63 0.23341 0.543717 0.216644 0.207425 0.389215
0 0.603113 0.158218 0.059444 0.069215 0.377535
0 0.912903 0.928803 0.173211 0.141108 0.345693
63 0.164592 0.144617 0.0647238 0.0868445 0.330558
63 0.079617 0.442052 0.158772 0.16219 0.297544
