11 0.265211 0.318821 0.105367 0.203743 0.912304
0 0.687465 0.58221 0.0575161 0.228896 0.517827
2 0.358726 0.581577 0.0425844 0.0573873 0.455847
2 0.17065 0.606152 0.0968669 0.0722415 0.417715
2 0.30131 0.595196 0.051141 0.0560451 0.401039
2 0.556101 0.603258 0.060614 0.0709218 0.391744
2 0.492855 0.616441 0.10928 0.101334 0.376983
7 0.133539 0.607557 0.173032 0.0798601 0.298013
2 0.611946 0.59443 0.0615392 0.0505025 0.262177
2 0.103377 0.610346 0.103097 0.0745855 0.26075
2 0.642972 0.57792 0.0364248 0.04425 0.260722
7 0.376362 0.581449 0.0758953 0.0589353 0.258871
