0 0.909017 0.130417 0.118573 0.260835 0.845488
2 0.56843 0.0846297 0.286588 0.114871 0.833296
3 0.874102 0.265873 0.249847 0.425984 0.798612
0 0.736713 0.115828 0.0749519 0.162469 0.794827
0 0.208256 0.08931 0.0461006 0.0883 0.793709
0 0.368992 0.0994787 0.0418567 0.0723143 0.791935
0 0.643898 0.0748905 0.0728691 0.126102 0.673237
0 0.989408 0.10635 0.020446 0.120721 0.603415
0 0.318538 0.0617556 0.0165439 0.0486001 0.37142
16 0.524703 0.484123 0.90867 0.783409 0.315346
0 0.165045 0.087268 0.0358995 0.102028 0.272335
0 0.339784 0.0585739 0.014633 0.0478261 0.263875
17 0.472769 0.49261 0.805593 0.762886 0.260224
