2 0.13693 0.851292 0.237001 0.252385 0.923232
2 0.250993 0.828529 0.0934384 0.205859 0.836154
2 0.412171 0.745244 0.0766902 0.0897714 0.828749
2 0.280408 0.800778 0.12899 0.187955 0.699792
2 0.332433 0.795894 0.0587638 0.173222 0.699427
2 0.450334 0.733954 0.0380539 0.0673808 0.632587
2 0.832169 0.746746 0.0727943 0.059919 0.601969
9 0.958961 0.583813 0.0252016 0.0742466 0.479123
2 0.333659 0.77078 0.0571024 0.12378 0.370485
9 0.671371 0.545618 0.014954 0.0348521 0.362409
2 0.714573 0.730085 0.044632 0.0514719 0.259236
