2 0.896757 0.791898 0.20514 0.403168 0.906682
2 0.0663073 0.539961 0.132615 0.214272 0.88082
7 0.511049 0.521295 0.767154 0.807916 0.838342
5 0.0711734 0.397299 0.141573 0.112264 0.808401
0 0.877417 0.445578 0.0223711 0.100786 0.696823
0 0.855967 0.43763 0.0234276 0.0806418 0.556069
9 0.879171 0.27541 0.033511 0.081802 0.471909
0 0.929831 0.436081 0.0218452 0.0892845 0.431472
0 0.977604 0.4525 0.043935 0.137221 0.416695
0 0.96432 0.462404 0.0217068 0.105451 0.393037
0 0.980349 0.451174 0.0314035 0.129806 0.366076
9 0.269456 0.143003 0.0275578 0.0791777 0.334133
