63 0.48481 0.440599 0.445938 0.512271 0.912958
46 0.475896 0.80014 0.266042 0.195107 0.867032
67 0.176875 0.608167 0.150604 0.070386 0.862261
56 0.922207 0.343644 0.0987659 0.244666 0.695688
60 0.495023 0.721927 0.979386 0.550032 0.646922
39 0.734453 0.683941 0.130507 0.302073 0.570471
0 0.869256 0.168597 0.0839558 0.112473 0.553424
63 0.744798 0.196144 0.0568439 0.0715077 0.529563
0 0.966447 0.427747 0.0662357 0.114619 0.504025
62 0.74551 0.196211 0.0550079 0.0701584 0.493071
55 0.464326 0.718428 0.132056 0.149403 0.386447
64 0.843933 0.68283 0.108049 0.157886 0.369818
56 0.632251 0.183944 0.0382839 0.0207177 0.330657
63 0.737926 0.203097 0.0708776 0.0810395 0.315241
0 0.963577 0.29274 0.0719723 0.380148 0.307511
56 0.690417 0.280331 0.0705149 0.206231 0.25155
