0 0.447749 0.559337 0.12218 0.363649 0.919453
28 0.428794 0.858352 0.111123 0.282819 0.911429
0 0.567921 0.571361 0.138853 0.345591 0.901432
28 0.70362 0.893237 0.120693 0.211802 0.873821
28 0.786982 0.919803 0.0904301 0.159193 0.851511
28 0.34966 0.884411 0.064302 0.218204 0.819388
28 0.544489 0.854239 0.138749 0.288723 0.796116
2 0.839921 0.491756 0.137397 0.0751897 0.501376
28 0.357795 0.725165 0.0940641 0.124027 0.476671
2 0.365994 0.482009 0.0758177 0.0544098 0.445785
2 0.331335 0.48336 0.0490037 0.0542743 0.370855
28 0.601669 0.929187 0.0841486 0.140669 0.325968
28 0.632807 0.861949 0.157829 0.272836 0.298625
