53 0.497157 0.770309 0.993633 0.457968 0.926484
0 0.477732 0.295854 0.602616 0.591707 0.925824
56 0.869014 0.194691 0.231374 0.288145 0.690874
0 0.86725 0.40688 0.263943 0.532455 0.689585
56 0.663323 0.0664588 0.0955595 0.132704 0.441666
56 0.75358 0.135489 0.115358 0.270977 0.438647
41 0.779184 0.599181 0.150746 0.0952072 0.425553
60 0.876102 0.0490515 0.245221 0.0981029 0.424943
60 0.186983 0.0437856 0.36973 0.0875578 0.417994
60 0.500126 0.767724 0.996917 0.460302 0.388165
56 0.125653 0.472079 0.249861 0.322738 0.304838
