2 0.235805 0.91631 0.362022 0.166731 0.904382
2 0.568233 0.83815 0.161993 0.123063 0.893364
2 0.746204 0.839271 0.146632 0.134676 0.857119
2 0.0304001 0.797047 0.0596079 0.0362001 0.803693
2 0.65723 0.829446 0.0980237 0.134265 0.782288
0 0.387512 0.816434 0.0308702 0.102259 0.756005
2 0.0880313 0.897974 0.175368 0.184653 0.746509
0 0.483674 0.81878 0.0201038 0.0926178 0.645809
2 0.306942 0.801363 0.0660083 0.0738359 0.636381
2 0.249486 0.810576 0.0644465 0.053007 0.587152
2 0.423034 0.828757 0.0964757 0.0830406 0.553601
2 0.365678 0.809852 0.121671 0.105508 0.518577
2 0.128004 0.795986 0.106959 0.0570202 0.471997
2 0.294665 0.800911 0.0400571 0.0721743 0.428693
2 0.366784 0.809775 0.0829997 0.105462 0.41368
2 0.316708 0.80147 0.0461008 0.0757692 0.406254
2 0.128987 0.78823 0.10618 0.0403916 0.405253
0 0.927149 0.83764 0.0254005 0.0918081 0.329217
2 0.120449 0.786719 0.0863429 0.0325819 0.319891
0 0.949811 0.834338 0.0233002 0.0931447 0.291246
0 0.921668 0.836805 0.0345058 0.0934454 0.268172
2 0.342621 0.809959 0.0874031 0.102802 0.263912
0 0.873637 0.835834 0.035387 0.0952389 0.258267
