23 0.349757 0.5237 0.27776 0.463372 0.865132
23 0.578277 0.516119 0.190584 0.366803 0.837031
0 0.149208 0.512067 0.053866 0.105797 0.72094
23 0.53783 0.514645 0.270405 0.370251 0.679621
0 0.0551182 0.520184 0.0599925 0.0878775 0.638062
0 0.233674 0.525681 0.0386293 0.0533581 0.583332
23 0.663783 0.522876 0.201686 0.339763 0.554778
23 0.678371 0.553862 0.172494 0.278558 0.37904
0 0.0914939 0.529847 0.0259226 0.0432336 0.310625
0 0.103014 0.522536 0.0494806 0.0594552 0.29159
0 0.111063 0.518562 0.0426294 0.0641222 0.287273
