0 0.701531 0.393148 0.0695354 0.244689 0.878157
0 0.286604 0.585138 0.324046 0.735479 0.83188
0 0.970271 0.364265 0.0586695 0.28827 0.746938
0 0.0443965 0.474899 0.088793 0.413133 0.737572
0 0.430935 0.297956 0.0580414 0.06529 0.699271
2 0.952505 0.226956 0.0444063 0.0439441 0.670091
0 0.856474 0.23156 0.0165657 0.0755243 0.627564
1 0.725604 0.432996 0.0448393 0.146442 0.590245
1 0.305754 0.806919 0.38587 0.384947 0.586795
0 0.373146 0.285688 0.0312348 0.100533 0.577654
0 0.692508 0.249748 0.0337098 0.096638 0.567649
0 0.793689 0.239163 0.0249232 0.0659354 0.534279
0 0.840987 0.234664 0.0170649 0.0761628 0.530411
0 0.406479 0.287635 0.0383127 0.0808754 0.46095
0 0.301587 0.322762 0.0597056 0.104513 0.42903
2 0.76333 0.305451 0.103013 0.100201 0.421369
3 0.389182 0.610719 0.559251 0.689138 0.40943
2 0.986141 0.213583 0.0270144 0.0302263 0.290663
0 0.886156 0.237781 0.0203754 0.078186 0.279104
2 0.764525 0.365117 0.104298 0.220587 0.259868
0 0.468752 0.29957 0.0307718 0.0583242 0.254988
