0 0.0540486 0.278627 0.0761843 0.151295 0.851431
0 0.368911 0.188337 0.0406684 0.0784105 0.733683
0 0.485997 0.195035 0.0292656 0.0737587 0.684458
2 0.83877 0.194406 0.210485 0.132265 0.659674
25 0.48509 0.778093 0.969067 0.433022 0.652613
0 0.42048 0.195472 0.0297024 0.0712537 0.586371
3 0.737031 0.245577 0.240311 0.0978156 0.458473
1 0.179552 0.296895 0.0787596 0.087127 0.427328
3 0.665308 0.358339 0.417017 0.165338 0.366523
7 0.963797 0.135484 0.071207 0.115716 0.364773
3 0.736396 0.294008 0.256731 0.137421 0.352802
0 0.653077 0.156276 0.0185229 0.0411313 0.320854
0 0.551534 0.181443 0.0280123 0.0791859 0.281467
0 0.548332 0.177228 0.02261 0.0706722 0.276477
