5 0.270697 0.48049 0.539172 0.63873 0.945952
2 0.570928 0.473469 0.0452604 0.0915301 0.663304
2 0.587388 0.455332 0.0511187 0.0599925 0.530651
2 0.578469 0.463603 0.0500045 0.07237 0.449618
2 0.596327 0.450489 0.0433767 0.0558804 0.418814
2 0.629504 0.433732 0.0280247 0.0428092 0.406249
2 0.605802 0.44282 0.0467099 0.0548585 0.353512
2 0.615475 0.441408 0.0345051 0.0494224 0.347659
7 0.710347 0.391948 0.0671913 0.152643 0.331466
2 0.621784 0.439561 0.030662 0.0525208 0.312433
2 0.634231 0.429116 0.024321 0.038202 0.253858
