19 0.788966 0.457034 0.199412 0.406361 0.844754
0 0.336606 0.25182 0.167775 0.365049 0.814177
14 0.659889 0.223681 0.090658 0.123996 0.791196
14 0.821947 0.878019 0.0846817 0.136684 0.633171
19 0.77662 0.699515 0.354401 0.263019 0.601129
14 0.904665 0.201163 0.086519 0.0862998 0.566938
14 0.947883 0.949964 0.0408707 0.0972571 0.53987
14 0.616366 0.298525 0.0325 0.0592158 0.45135
14 0.801708 0.213715 0.0544481 0.058018 0.449669
14 0.898594 0.414315 0.0303879 0.0663141 0.434739
14 0.88756 0.93412 0.062528 0.130276 0.422984
14 0.615852 0.380404 0.108671 0.0768286 0.394241
14 0.545904 0.465676 0.11935 0.105405 0.390419
14 0.918581 0.847848 0.0687927 0.111681 0.355913
14 0.954783 0.416953 0.0752975 0.0759417 0.312272
14 0.683639 0.288894 0.0410787 0.0671323 0.304251
14 0.98148 0.748032 0.0362429 0.0648488 0.295961
14 0.156946 0.915777 0.0538747 0.125325 0.284703
14 0.635216 0.852035 0.0614207 0.130954 0.280645
18 0.141549 0.631007 0.196248 0.114252 0.272851
19 0.140716 0.632672 0.196328 0.11477 0.265342
14 0.672699 0.355689 0.0593787 0.072348 0.259036
14 0.869614 0.851701 0.0647547 0.122225 0.258908
