58 0.0594604 0.899754 0.115644 0.115579 0.843169
58 0.271241 0.9188 0.131457 0.161854 0.801719
0 0.845443 0.828588 0.0384171 0.150184 0.737955
0 0.952597 0.842684 0.0522371 0.160002 0.733939
0 0.472319 0.823685 0.0406493 0.137418 0.72937
0 0.885114 0.838382 0.0395126 0.171719 0.679776
0 0.607746 0.813711 0.0296314 0.116016 0.662308
0 0.767321 0.804004 0.0289431 0.0815374 0.659211
2 0.716386 0.805786 0.0786737 0.0874067 0.645678
0 0.917636 0.819199 0.0276739 0.131668 0.639787
58 0.517453 0.914668 0.0972744 0.118007 0.637228
0 0.410717 0.844161 0.0618917 0.207898 0.49973
0 0.507248 0.812357 0.0410045 0.108804 0.497305
0 0.987327 0.860984 0.0244282 0.162939 0.496629
9 0.993832 0.672288 0.0116262 0.0459745 0.252398
