2 0.467343 0.530897 0.144215 0.0653336 0.895762
0 0.0696986 0.682241 0.139397 0.380181 0.89054
0 0.211084 0.66193 0.150414 0.298963 0.833503
2 0.907089 0.51548 0.185107 0.0631023 0.815908
2 0.625981 0.501168 0.0689583 0.0319371 0.654143
2 0.760307 0.503123 0.102684 0.0396487 0.647505
2 0.56982 0.494228 0.0768368 0.040346 0.641578
2 0.41142 0.499885 0.0623173 0.0356204 0.59851
2 0.691344 0.499675 0.068605 0.0394137 0.553136
0 0.249246 0.628227 0.117618 0.266916 0.462325
2 0.737094 0.501992 0.123004 0.0398199 0.26081
