2 0.889111 0.733523 0.220948 0.527174 0.921016
0 0.520057 0.656459 0.127357 0.450692 0.867264
2 0.347784 0.469089 0.125186 0.0992356 0.859592
0 0.699782 0.517928 0.0405785 0.179286 0.840288
0 0.434187 0.666629 0.11017 0.466671 0.834084
0 0.624221 0.520691 0.0436766 0.180152 0.790166
2 0.112404 0.450659 0.0973017 0.095395 0.755904
26 0.496465 0.580553 0.0955069 0.184842 0.725001
1 0.505085 0.786519 0.0637156 0.239586 0.719375
0 0.250766 0.430366 0.0288642 0.0920879 0.710298
0 0.215385 0.434883 0.0283421 0.090454 0.574655
0 0.528831 0.438905 0.0320978 0.0768742 0.472945
24 0.358994 0.621965 0.0631717 0.149608 0.399223
0 0.555765 0.440377 0.0309845 0.070926 0.381311
0 0.198441 0.38706 0.0217257 0.0567561 0.320082
0 0.198684 0.397763 0.02042 0.0769619 0.276348
9 0.142746 0.291724 0.0203336 0.0715026 0.273743
2 0.010167 0.378116 0.020309 0.0272206 0.257553
0 0.118004 0.370852 0.0164049 0.0534622 0.256053
