0 0.392027 0.651462 0.108271 0.231023 0.854769
0 0.641867 0.537288 0.0651215 0.217463 0.794628
0 0.49829 0.459694 0.0642775 0.144745 0.780107
0 0.653975 0.76794 0.149292 0.259293 0.7665
0 0.715739 0.716804 0.0783838 0.190693 0.758623
39 0.649865 0.891897 0.0234501 0.0985099 0.749975
0 0.400063 0.477322 0.0918943 0.165809 0.7196
0 0.307549 0.475264 0.0493823 0.136262 0.637271
25 0.565917 0.39908 0.0707128 0.035243 0.555439
0 0.55131 0.475138 0.0407219 0.11968 0.533852
0 0.876534 0.754487 0.125717 0.273808 0.504983
0 0.152136 0.520272 0.0617369 0.0877668 0.495509
0 0.836864 0.753536 0.203261 0.276111 0.494931
0 0.600897 0.686546 0.0622011 0.15583 0.482851
25 0.666346 0.37294 0.103648 0.0448114 0.475954
25 0.566247 0.425981 0.0718592 0.0911561 0.465066
0 0.922811 0.475154 0.0340294 0.0700402 0.412337
0 0.789854 0.696554 0.111314 0.187624 0.409872
1 0.933761 0.533438 0.129322 0.107789 0.399123
25 0.167955 0.429511 0.279206 0.247028 0.379118
25 0.164652 0.3599 0.275638 0.0995319 0.329661
0 0.774595 0.660361 0.0658169 0.144006 0.273544
