19 0.789392 0.456983 0.198544 0.405626 0.845845
0 0.339688 0.252222 0.161537 0.369103 0.793422
14 0.659764 0.223653 0.0911931 0.123442 0.782401
19 0.776515 0.699306 0.352074 0.262271 0.659522
14 0.822076 0.879461 0.0842085 0.134074 0.620096
14 0.904927 0.201852 0.0885704 0.0884816 0.572863
14 0.94809 0.949904 0.0406296 0.0975461 0.531838
14 0.616918 0.298109 0.0316255 0.0594564 0.462114
14 0.898841 0.415129 0.0298546 0.0667363 0.455696
14 0.888262 0.934094 0.0617687 0.13044 0.435175
14 0.801962 0.213867 0.0542114 0.0584387 0.391128
14 0.54577 0.465733 0.118902 0.104765 0.390812
14 0.615204 0.380205 0.10829 0.0773291 0.383666
14 0.954788 0.417519 0.0758057 0.0772566 0.350203
14 0.918122 0.847536 0.0678871 0.110098 0.323544
14 0.157662 0.921777 0.0536176 0.125441 0.322893
14 0.672698 0.357085 0.0594967 0.0739797 0.31206
14 0.981568 0.747619 0.0360611 0.0638913 0.295586
14 0.975214 0.952863 0.0488842 0.0930271 0.265704
14 0.869329 0.851514 0.0654003 0.12208 0.264382
14 0.683723 0.288936 0.0409845 0.0666993 0.262526
14 0.634475 0.85217 0.0594237 0.126557 0.257347
