41 0.852353 0.280695 0.283234 0.499003 0.957189
45 0.239186 0.608235 0.446249 0.449321 0.950512
44 0.0827237 0.436049 0.164578 0.147092 0.853664
48 0.639125 0.691739 0.341482 0.379895 0.804926
60 0.501727 0.539907 0.996545 0.920186 0.764046
48 0.500726 0.147428 0.248048 0.191101 0.710011
44 0.890087 0.0858382 0.0682117 0.153073 0.585307
56 0.197377 0.0552057 0.0542886 0.109405 0.362019
0 0.426761 0.0577893 0.441148 0.114264 0.343125
41 0.928482 0.0950548 0.141771 0.190041 0.32963
0 0.529346 0.0571805 0.647575 0.113151 0.310994
41 0.928696 0.14173 0.141813 0.281187 0.304931
