5 0.270231 0.480708 0.538215 0.638928 0.944381
2 0.574684 0.472301 0.0416792 0.0875956 0.571926
2 0.591142 0.455195 0.0434069 0.0607537 0.525297
2 0.629764 0.434257 0.0273985 0.0428433 0.397108
2 0.597502 0.450511 0.0412255 0.0555293 0.384221
7 0.709849 0.39219 0.0672798 0.151775 0.382777
2 0.607741 0.442414 0.0459678 0.0539332 0.360977
2 0.567084 0.474832 0.0514991 0.0891277 0.357349
2 0.583389 0.460304 0.0526701 0.0666937 0.333869
2 0.614514 0.441786 0.0352832 0.0491193 0.327853
2 0.621857 0.439648 0.0307847 0.0518471 0.304747
