0 0.516273 0.52016 0.26532 0.692477 0.93379
0 0.847441 0.72505 0.275045 0.486458 0.928939
35 0.737726 0.536549 0.0651921 0.100098 0.916373
0 0.904937 0.363794 0.0828976 0.274299 0.86731
0 0.0840569 0.273051 0.048845 0.219133 0.841451
34 0.322845 0.390906 0.134638 0.070214 0.804518
0 0.701382 0.208706 0.0274922 0.0842305 0.61259
2 0.190545 0.195206 0.0892871 0.108045 0.372947
34 0.967642 0.290339 0.0631113 0.0346091 0.339737
2 0.320692 0.197136 0.0886799 0.0486471 0.33224
2 0.437825 0.189548 0.0940821 0.067005 0.309879
