63 0.484394 0.4406 0.445008 0.512199 0.911482
46 0.475342 0.800189 0.266504 0.19477 0.871034
67 0.176917 0.60826 0.150541 0.0700823 0.867231
56 0.922563 0.342979 0.110607 0.245582 0.69494
60 0.495122 0.721792 0.979627 0.550338 0.63713
63 0.744525 0.196303 0.0572683 0.0714827 0.569764
39 0.734449 0.683819 0.130505 0.301926 0.54746
62 0.745312 0.196215 0.0552157 0.0700424 0.530537
0 0.869491 0.168669 0.0834793 0.112381 0.528516
64 0.843874 0.68292 0.108244 0.158119 0.507726
0 0.966257 0.427663 0.0665905 0.114339 0.443302
55 0.464178 0.718552 0.131955 0.149192 0.385406
0 0.957409 0.232091 0.0842106 0.287297 0.329641
56 0.632226 0.184017 0.0382967 0.0205487 0.327105
63 0.736452 0.204299 0.0738343 0.0830774 0.321146
0 0.960064 0.288207 0.0789116 0.384087 0.261579
56 0.690466 0.280321 0.0704176 0.207055 0.25102
