2 0.23609 0.916524 0.36144 0.166951 0.904786
2 0.568394 0.838206 0.161911 0.123311 0.891913
2 0.745931 0.83927 0.147011 0.135044 0.853359
2 0.0305197 0.796967 0.0598986 0.0357612 0.806709
2 0.657758 0.829385 0.0982934 0.134334 0.783466
0 0.387209 0.816555 0.0311694 0.101844 0.759851
2 0.0879214 0.897962 0.175162 0.184819 0.746017
0 0.483778 0.818701 0.0204696 0.0925659 0.668009
2 0.30722 0.801506 0.0651235 0.0751932 0.63203
2 0.249445 0.809939 0.0638739 0.053838 0.626176
2 0.422412 0.828827 0.0975884 0.0833757 0.543797
2 0.368512 0.809914 0.115124 0.104991 0.489064
2 0.12713 0.795313 0.107331 0.0556613 0.43846
2 0.120942 0.786544 0.089101 0.0331093 0.339592
2 0.295107 0.800804 0.0410547 0.0719109 0.334309
2 0.359853 0.810165 0.072816 0.105473 0.332782
0 0.921918 0.837498 0.0343842 0.0934321 0.314671
0 0.927026 0.837541 0.0254318 0.0917698 0.303064
2 0.316051 0.800773 0.0462617 0.0754929 0.283368
0 0.949759 0.834417 0.0229252 0.0928912 0.272154
