41 0.832468 0.864757 0.331486 0.268037 0.916061
0 0.502848 0.452517 0.740782 0.467846 0.90258
53 0.486835 0.725068 0.475391 0.154831 0.885958
41 0.0772274 0.373181 0.0767086 0.0603701 0.852994
41 0.951728 0.632974 0.0965449 0.202118 0.834319
60 0.5 0.822388 1 0.351767 0.782775
41 0.70243 0.337384 0.076003 0.06354 0.622328
60 0.0944085 0.41959 0.188817 0.0966683 0.618671
0 0.812541 0.324547 0.36593 0.309967 0.606177
0 0.379195 0.19266 0.12784 0.0701483 0.449043
0 0.269381 0.274108 0.169742 0.163814 0.40784
56 0.776794 0.573404 0.239319 0.164845 0.283648
0 0.0790894 0.234435 0.151864 0.279749 0.250823
