0 0.240433 0.59603 0.321596 0.796232 0.891863
0 0.797613 0.506233 0.283032 0.960541 0.888055
0 0.6201 0.902057 0.109373 0.194233 0.887025
0 0.507757 0.895359 0.11066 0.209282 0.883975
0 0.0501135 0.908978 0.100027 0.177537 0.823261
0 0.478624 0.965092 0.0570328 0.0698162 0.776324
65 0.694601 0.467297 0.0689356 0.184144 0.691274
65 0.6838 0.41823 0.0479382 0.0850184 0.465288
65 0.734094 0.0608804 0.0399879 0.0731316 0.434759
65 0.20303 0.248556 0.0794708 0.0476493 0.284619
65 0.204448 0.23702 0.0793455 0.0693162 0.257617
