0 0.790187 0.694528 0.35881 0.59629 0.923205
0 0.312104 0.697555 0.262541 0.587447 0.90455
60 0.522201 0.786771 0.405833 0.397583 0.837533
0 0.681265 0.571873 0.217719 0.424312 0.832072
0 0.0801526 0.601838 0.159775 0.772648 0.825856
0 0.424114 0.381167 0.129522 0.436308 0.823583
0 0.405398 0.494171 0.131651 0.291054 0.813125
0 0.636194 0.501599 0.161004 0.351625 0.787206
0 0.212198 0.581567 0.126055 0.498871 0.740006
40 0.430484 0.657853 0.0270382 0.108845 0.726834
56 0.158418 0.819036 0.085599 0.358605 0.71854
40 0.510775 0.834998 0.043581 0.128313 0.661849
0 0.180224 0.364881 0.102552 0.463295 0.636753
40 0.592058 0.778478 0.0366091 0.124389 0.625148
56 0.493862 0.415437 0.0417288 0.158828 0.557996
41 0.59158 0.763139 0.0374683 0.106772 0.443195
41 0.508874 0.834203 0.0420823 0.133385 0.411921
40 0.464303 0.62642 0.0222454 0.109435 0.354902
58 0.967658 0.0726569 0.063496 0.131567 0.340021
40 0.559615 0.591987 0.0244776 0.0952609 0.265972
58 0.407573 0.101504 0.130906 0.203008 0.252641
