5 0.450022 0.705801 0.369196 0.293691 0.917191
2 0.950855 0.863263 0.0974966 0.261969 0.901325
2 0.80465 0.766786 0.0645016 0.0651878 0.880393
2 0.140229 0.784229 0.150577 0.168279 0.856755
2 0.0427842 0.78449 0.0851969 0.190405 0.777171
2 0.691938 0.766881 0.10708 0.126613 0.704219
2 0.887687 0.770613 0.0689035 0.0764565 0.692701
2 0.754828 0.762468 0.0382298 0.0530394 0.66099
9 0.838542 0.351874 0.0206869 0.0714739 0.648386
2 0.841913 0.755667 0.0243031 0.0436371 0.58198
2 0.937188 0.761943 0.030068 0.0486768 0.35323
