39 0.575949 0.852895 0.104907 0.293332 0.934094
0 0.551181 0.353269 0.646335 0.703487 0.877642
39 0.415536 0.83763 0.113512 0.323942 0.804383
0 0.349597 0.204597 0.0882173 0.0909566 0.743807
41 0.307228 0.752524 0.138304 0.25972 0.737058
41 0.910386 0.828633 0.178775 0.34136 0.704679
0 0.259742 0.211619 0.131349 0.0859605 0.687885
40 0.139563 0.33288 0.0605878 0.129108 0.627738
44 0.757 0.926449 0.105047 0.145952 0.616887
41 0.204448 0.333537 0.0653515 0.130744 0.600903
45 0.740288 0.966673 0.202175 0.0649485 0.577178
60 0.510603 0.819713 0.973312 0.356844 0.51342
54 0.723917 0.452439 0.0790397 0.0575528 0.506587
56 0.149799 0.579459 0.182218 0.286649 0.40071
40 0.257603 0.331408 0.0569719 0.126653 0.2822
39 0.0773276 0.786127 0.153856 0.422431 0.252476
