0 0.701653 0.393091 0.0698385 0.244621 0.875267
0 0.27948 0.585008 0.333923 0.734942 0.834459
0 0.970151 0.362448 0.0588997 0.29229 0.763592
0 0.0464534 0.476369 0.0929069 0.415112 0.726724
0 0.431053 0.297595 0.0586751 0.0653009 0.689216
2 0.952142 0.226822 0.0436306 0.0423549 0.672528
0 0.856418 0.231552 0.0165009 0.0754145 0.636
0 0.692838 0.250115 0.034268 0.0968474 0.599592
1 0.725075 0.432226 0.0448984 0.14783 0.592775
0 0.373077 0.285845 0.0309649 0.100978 0.582086
0 0.793803 0.239124 0.0254313 0.066572 0.54845
0 0.840979 0.234638 0.0173317 0.0767774 0.542538
0 0.406245 0.28761 0.0380117 0.0809633 0.518081
0 0.302765 0.320595 0.0617673 0.100898 0.423223
0 0.886145 0.238435 0.0198288 0.0765003 0.358561
2 0.764543 0.364433 0.104041 0.219545 0.313109
2 0.763248 0.306606 0.103292 0.102659 0.305428
1 0.307363 0.805028 0.387763 0.38958 0.289306
26 0.054016 0.389035 0.10149 0.121158 0.271496
2 0.986131 0.218685 0.0268562 0.0226309 0.270332
2 0.985507 0.211427 0.027853 0.0262733 0.267503
0 0.890665 0.236844 0.0188328 0.0775455 0.265109
