0 0.548826 0.209553 0.269444 0.255395 0.856607
41 0.917058 0.523854 0.104135 0.0957275 0.856323
45 0.430856 0.767685 0.412846 0.215936 0.853284
41 0.624063 0.286956 0.0555718 0.0525975 0.844661
60 0.50099 0.651635 0.99802 0.68929 0.83293
0 0.721972 0.164682 0.174987 0.163721 0.809283
0 0.109654 0.330507 0.219308 0.390213 0.747891
0 0.283595 0.25065 0.237696 0.260276 0.740871
44 0.363887 0.651613 0.0913055 0.232448 0.670851
0 0.903942 0.428156 0.191371 0.124318 0.614449
53 0.300504 0.534419 0.294145 0.0788177 0.551108
41 0.838826 0.325323 0.0711816 0.0689196 0.538934
39 0.798823 0.298962 0.0382772 0.0906613 0.501049
40 0.427472 0.368531 0.0693695 0.110522 0.44742
56 0.390982 0.228299 0.108748 0.158999 0.442728
44 0.646032 0.727146 0.32665 0.177951 0.441252
41 0.980618 0.301267 0.0358421 0.048543 0.43597
41 0.845712 0.378138 0.0560804 0.0469415 0.427961
39 0.765395 0.31104 0.0435881 0.0603832 0.427669
39 0.775427 0.299921 0.0650599 0.084356 0.341626
41 0.119467 0.58007 0.0906247 0.100639 0.334443
41 0.938543 0.305981 0.0473376 0.0538434 0.318556
43 0.773769 0.630725 0.370188 0.124932 0.303349
44 0.750468 0.802913 0.237073 0.0756228 0.270971
0 0.344159 0.249285 0.365435 0.255527 0.270074
53 0.708607 0.284299 0.0719949 0.0245149 0.25671
