0 0.103708 0.625935 0.111994 0.414133 0.831889
0 0.63285 0.817359 0.121833 0.357669 0.828981
0 0.357903 0.61082 0.0767727 0.314051 0.766199
0 0.268041 0.629433 0.0783674 0.268824 0.659932
0 0.794178 0.589401 0.0295543 0.118384 0.642143
0 0.184449 0.610178 0.0820495 0.359578 0.611016
6 0.272632 0.443058 0.544823 0.286116 0.605601
0 0.851857 0.575876 0.0319847 0.115965 0.56909
0 0.711152 0.582641 0.0255293 0.12979 0.542871
24 0.165304 0.528234 0.0516149 0.0931383 0.518796
0 0.406918 0.600239 0.053192 0.287467 0.433273
0 0.508591 0.531181 0.0544361 0.0895229 0.432919
0 0.630579 0.542072 0.0342734 0.0673242 0.420604
0 0.102892 0.499152 0.110225 0.157881 0.358754
0 0.597628 0.531297 0.0354575 0.0864531 0.314677
0 0.558609 0.529897 0.0417047 0.090022 0.308969
6 0.152234 0.439111 0.303373 0.278574 0.282713
0 0.652567 0.535197 0.0239028 0.0744587 0.279438
24 0.396153 0.539846 0.0314605 0.070563 0.255679
0 0.508145 0.598897 0.0583385 0.223617 0.255232
