17 0.393977 0.618734 0.517167 0.658861 0.901083
0 0.414981 0.438331 0.136976 0.550961 0.764419
0 0.254855 0.476346 0.0501232 0.0991778 0.680623
0 0.92474 0.510011 0.060693 0.215127 0.519736
0 0.194458 0.484088 0.0618718 0.101923 0.474683
0 0.106908 0.486788 0.0545822 0.171743 0.454077
0 0.968677 0.55395 0.0471848 0.275979 0.430353
0 0.799812 0.493866 0.0685534 0.20698 0.391473
0 0.679452 0.503734 0.0582951 0.162687 0.348486
0 0.0179933 0.527848 0.0358357 0.244091 0.340009
0 0.680082 0.5535 0.0618477 0.262438 0.328623
0 0.744162 0.523835 0.0431311 0.147984 0.327029
0 0.0686781 0.537302 0.0523345 0.22721 0.322479
0 0.747406 0.550959 0.0477998 0.206498 0.307063
0 0.858213 0.49681 0.042127 0.207822 0.294413
0 0.880871 0.512989 0.0412844 0.182811 0.287198
0 0.30178 0.466503 0.0426157 0.0719891 0.276525
0 0.293826 0.474029 0.0288198 0.0577154 0.269726
0 0.0185567 0.483781 0.0369223 0.159411 0.256131
