28 0.112911 0.551445 0.225823 0.106694 0.779227
0 0.942441 0.230511 0.0586984 0.108852 0.777489
28 0.583351 0.465519 0.253077 0.0884857 0.736592
28 0.15481 0.749668 0.305666 0.195033 0.729125
28 0.775853 0.275553 0.120821 0.0496246 0.723882
0 0.861434 0.231578 0.0421285 0.0990239 0.712083
28 0.357122 0.464161 0.232224 0.0833981 0.706776
0 0.758529 0.199301 0.0691142 0.0940881 0.686408
28 0.149405 0.629231 0.29789 0.0759239 0.651668
28 0.502614 0.275507 0.0784104 0.0875586 0.609705
28 0.621192 0.21057 0.129753 0.0341084 0.575296
28 0.0838723 0.492036 0.167745 0.0433765 0.490281
25 0.322513 0.138839 0.262543 0.0595564 0.476383
28 0.615138 0.333063 0.191172 0.0443505 0.457516
28 0.502098 0.375101 0.12975 0.0594193 0.433526
28 0.212807 0.387661 0.207215 0.0853193 0.424063
28 0.39558 0.301917 0.161052 0.0459113 0.412917
0 0.801191 0.220828 0.0401511 0.0758144 0.410158
28 0.506075 0.200052 0.116313 0.0704109 0.400471
28 0.794295 0.392603 0.179649 0.032302 0.393134
28 0.402384 0.345597 0.188968 0.0604944 0.362924
28 0.943169 0.382008 0.111195 0.0531911 0.357574
28 0.737993 0.452585 0.062844 0.0974843 0.351828
28 0.642119 0.41425 0.15109 0.0317227 0.34449
28 0.776011 0.31168 0.121 0.034861 0.336994
0 0.983078 0.225455 0.0338431 0.0794526 0.309298
28 0.773595 0.349967 0.126709 0.053606 0.309128
28 0.505113 0.213855 0.106762 0.0449444 0.289691
2 0.890234 0.208565 0.0585544 0.0553295 0.272554
28 0.383174 0.233217 0.150922 0.0403658 0.266739
