7 0.844191 0.530986 0.286916 0.181715 0.867385
5 0.272753 0.478148 0.337523 0.186101 0.845073
0 0.578214 0.512454 0.0505438 0.132979 0.808493
0 0.540263 0.514123 0.0303419 0.134392 0.749407
7 0.0522385 0.502578 0.103851 0.161878 0.623804
7 0.752861 0.601208 0.236344 0.20762 0.623626
0 0.456839 0.500563 0.0434748 0.0806878 0.596014
2 0.75145 0.599003 0.236394 0.208629 0.487562
0 0.340089 0.534394 0.0568449 0.18138 0.337368
7 0.421133 0.54968 0.223261 0.197996 0.331161
0 0.192972 0.438691 0.0219036 0.0320112 0.302683
0 0.23203 0.438683 0.0211021 0.0317963 0.276111
