0 0.930095 0.596821 0.138647 0.806357 0.839714
0 0.0723124 0.533226 0.14457 0.464 0.809753
46 0.48661 0.436692 0.261616 0.340843 0.7885
2 0.143374 0.796533 0.285147 0.405269 0.766373
0 0.503749 0.623323 0.409601 0.750518 0.650366
0 0.191907 0.60204 0.0699068 0.277709 0.645544
0 0.632347 0.496476 0.0832941 0.474065 0.5652
0 0.125842 0.501099 0.0990838 0.465962 0.564385
3 0.0637057 0.625037 0.12724 0.305681 0.53794
0 0.504025 0.758659 0.409802 0.481257 0.537182
0 0.632111 0.400322 0.0712589 0.262709 0.264633
