2 0.467373 0.531103 0.144004 0.0650547 0.894586
0 0.0710134 0.681986 0.142027 0.379443 0.887697
2 0.907513 0.515328 0.183975 0.0643906 0.853076
0 0.210765 0.661426 0.15009 0.297197 0.82699
2 0.626422 0.501162 0.06806 0.0317331 0.663681
2 0.760198 0.503362 0.105926 0.0392031 0.622322
2 0.412194 0.49969 0.0623977 0.0358834 0.601304
2 0.571059 0.494281 0.0802906 0.0402534 0.592892
0 0.249616 0.628661 0.116902 0.266674 0.555113
2 0.690827 0.499842 0.0677602 0.0391013 0.508599
2 0.731731 0.502232 0.128098 0.0395506 0.313138
2 0.310429 0.495851 0.0340635 0.0175572 0.269627
2 0.866864 0.4921 0.103565 0.0324278 0.266825
