0 0.715394 0.59131 0.213741 0.7872 0.918147
18 0.416576 0.709399 0.244627 0.431134 0.887605
25 0.0800566 0.279319 0.160113 0.119366 0.885645
18 0.178624 0.734673 0.357248 0.524965 0.873853
25 0.971968 0.275352 0.0552685 0.104789 0.851396
0 0.519062 0.37581 0.103884 0.291205 0.849159
0 0.099456 0.39563 0.110351 0.301363 0.846508
25 0.538167 0.293172 0.202583 0.187459 0.834876
0 0.881448 0.437838 0.0713236 0.236574 0.803092
0 0.291884 0.374167 0.118208 0.29325 0.730401
0 0.941872 0.420264 0.0557827 0.230129 0.727229
0 0.198466 0.361095 0.0917575 0.264234 0.722407
0 0.432742 0.370095 0.0846707 0.237323 0.682613
25 0.738355 0.16958 0.447707 0.337226 0.640681
25 0.594806 0.180006 0.253678 0.0877467 0.625022
25 0.184573 0.255042 0.111027 0.110897 0.604242
25 0.328261 0.243506 0.227301 0.146544 0.548903
25 0.975505 0.36059 0.0479362 0.0811164 0.536415
25 0.873574 0.296417 0.129732 0.067378 0.508794
0 0.0294757 0.405464 0.0587595 0.150673 0.504317
25 0.0316933 0.233017 0.0631094 0.0498277 0.480391
18 0.420876 0.522944 0.120807 0.159664 0.412597
0 0.351204 0.405039 0.0437987 0.157152 0.404608
25 0.986072 0.338354 0.0270601 0.0363795 0.378637
25 0.930843 0.28514 0.0557074 0.0399794 0.357522
18 0.552109 0.627596 0.0910713 0.272473 0.31826
25 0.87314 0.320656 0.128662 0.113915 0.306848
25 0.329927 0.214182 0.231378 0.0856389 0.299351
0 0.990459 0.555405 0.0184464 0.1453 0.289494
25 0.417559 0.248148 0.110373 0.0636574 0.282142
25 0.96417 0.329361 0.0342522 0.0365801 0.271381
25 0.363793 0.328256 0.0787651 0.0734019 0.257325
