3 0.47273 0.628791 0.354673 0.411641 0.860725
0 0.069197 0.459058 0.0565896 0.257503 0.845155
0 0.140529 0.470146 0.0934158 0.22798 0.819192
0 0.927176 0.465011 0.0749554 0.157473 0.795782
0 0.291 0.462106 0.0261488 0.0885138 0.767295
0 0.40719 0.402014 0.0656178 0.115666 0.721173
0 0.831575 0.39109 0.074767 0.122692 0.694893
0 0.477223 0.559688 0.277101 0.534847 0.658061
0 0.326563 0.458905 0.0198864 0.0868094 0.653944
2 0.0285112 0.578344 0.0570223 0.221654 0.645928
0 0.532368 0.540907 0.164256 0.491223 0.622612
0 0.43796 0.558656 0.189294 0.539418 0.416401
0 0.478531 0.414961 0.106729 0.245694 0.387813
