0 0.746455 0.242421 0.172133 0.354976 0.802843
0 0.396073 0.340384 0.236926 0.21154 0.731446
0 0.667433 0.133337 0.0804664 0.167621 0.661784
0 0.209246 0.150073 0.0957783 0.180099 0.621176
0 0.153368 0.125607 0.0779988 0.101706 0.570353
0 0.463796 0.148537 0.10859 0.167068 0.55387
0 0.273383 0.103721 0.0651665 0.101072 0.532708
1 0.89082 0.212114 0.142146 0.10994 0.527825
0 0.408674 0.106557 0.0580676 0.0956404 0.504307
0 0.74002 0.518256 0.343895 0.280968 0.482813
25 0.0934051 0.0382972 0.185184 0.07377 0.46145
50 0.429374 0.476152 0.181002 0.0905264 0.44702
46 0.651777 0.811384 0.518452 0.375047 0.405176
46 0.36982 0.826174 0.283988 0.237549 0.355638
46 0.5283 0.92583 0.247555 0.147141 0.278498
0 0.969529 0.424992 0.0577987 0.30515 0.272466
25 0.523931 0.0158799 0.375751 0.0315929 0.265119
