56 0.613718 0.666744 0.108499 0.158318 0.806503
56 0.806643 0.683964 0.0789711 0.111941 0.793508
0 0.409365 0.465534 0.0248761 0.0811053 0.792583
0 0.374086 0.48213 0.0259658 0.0474425 0.751695
0 0.167701 0.565589 0.173476 0.073533 0.663445
25 0.733049 0.571177 0.247715 0.302076 0.543445
0 0.444751 0.48085 0.0224712 0.0277504 0.47523
56 0.0476714 0.574809 0.0407269 0.0324664 0.42031
0 0.977256 0.528582 0.0443746 0.0474903 0.403938
25 0.735879 0.463502 0.244717 0.0854805 0.373518
0 0.124019 0.565346 0.0901328 0.0705564 0.351132
0 0.923481 0.508733 0.0650204 0.0658476 0.307162
