2 0.0785652 0.798651 0.154675 0.196588 0.879106
0 0.50307 0.838478 0.0936678 0.269654 0.875573
5 0.497014 0.670661 0.149627 0.335927 0.874897
0 0.746201 0.84848 0.0995241 0.28729 0.856032
2 0.919058 0.804822 0.0911381 0.128407 0.833817
2 0.974795 0.811712 0.0494959 0.169005 0.823638
0 0.841706 0.827926 0.0591179 0.198888 0.813583
2 0.25519 0.757852 0.0568002 0.12542 0.795569
0 0.698428 0.848731 0.0625828 0.25954 0.749063
2 0.503725 0.81999 0.148119 0.181835 0.724612
2 0.189892 0.768265 0.100906 0.158083 0.702409
2 0.0210783 0.847135 0.0418943 0.161775 0.698781
2 0.299904 0.74953 0.0526087 0.101141 0.660715
0 0.40568 0.735975 0.0196347 0.067587 0.595792
2 0.345289 0.73751 0.0363811 0.0814811 0.54878
2 0.688444 0.748469 0.0446863 0.0679618 0.507106
2 0.806556 0.766242 0.0605425 0.104159 0.464756
0 0.629705 0.747034 0.0214638 0.0647292 0.462224
2 0.661542 0.737755 0.0373278 0.0661122 0.450045
2 0.379547 0.730874 0.0445529 0.0580142 0.393245
2 0.326729 0.741774 0.0407207 0.0869469 0.378658
2 0.600997 0.727011 0.0301704 0.0417371 0.36794
2 0.318273 0.742686 0.0362662 0.091905 0.338183
2 0.837349 0.780888 0.0600035 0.108081 0.337829
2 0.681525 0.748098 0.035376 0.0670608 0.296317
2 0.606704 0.734444 0.0308939 0.051969 0.285943
2 0.807268 0.753314 0.0579918 0.0700735 0.273318
2 0.66821 0.742413 0.034573 0.0678859 0.27152
