5 0.736266 0.428125 0.524231 0.569331 0.958241
2 0.318612 0.526357 0.093833 0.093938 0.885312
2 0.0850158 0.549477 0.0888608 0.109558 0.801753
2 0.168786 0.504966 0.0414218 0.0527755 0.698284
2 0.255672 0.520102 0.0564073 0.071548 0.696427
2 0.226475 0.514912 0.0419153 0.0630028 0.614104
2 0.195576 0.512461 0.0366383 0.0539877 0.555975
2 0.142497 0.496377 0.0262271 0.0408717 0.399605
2 0.236214 0.516646 0.035298 0.0675519 0.283486
9 0.49552 0.401411 0.0111111 0.0555345 0.268817
2 0.082653 0.480203 0.0254146 0.0310304 0.266338
