7 0.440807 0.642154 0.238852 0.134943 0.866408
9 0.660252 0.197809 0.0285118 0.127963 0.82156
9 0.527244 0.351382 0.0235134 0.072903 0.771107
9 0.488392 0.410681 0.0309905 0.0944302 0.751716
9 0.700335 0.247228 0.0269775 0.0704764 0.622168
9 0.429926 0.44987 0.0203431 0.059065 0.599186
9 0.356071 0.51475 0.0119445 0.032918 0.556372
2 0.593215 0.664934 0.0406859 0.0330755 0.545626
9 0.731208 0.239902 0.0251459 0.07788 0.500869
9 0.543478 0.424595 0.0135159 0.0478346 0.470245
9 0.537959 0.424066 0.0243184 0.048866 0.438128
9 0.455483 0.43557 0.0205263 0.0583155 0.435701
2 0.696316 0.704907 0.0933159 0.217414 0.425316
9 0.522175 0.425773 0.0151419 0.0459852 0.352591
9 0.726203 0.241417 0.0353741 0.0824187 0.271845
