13 0.270247 0.837528 0.538841 0.323504 0.751933
0 0.267925 0.703336 0.3022 0.582429 0.628465
0 0.0438626 0.598626 0.0874553 0.246643 0.505779
2 0.448517 0.255745 0.14691 0.0811907 0.42346
0 0.73614 0.271089 0.0441629 0.0847725 0.403447
2 0.390582 0.207363 0.212383 0.0997456 0.384366
2 0.501028 0.261899 0.249873 0.0929884 0.376362
58 0.84432 0.60656 0.303633 0.628199 0.309042
0 0.810577 0.195088 0.0186724 0.0548794 0.302612
25 0.0333031 0.153563 0.0662494 0.0782092 0.283919
2 0.73139 0.207364 0.111811 0.0696186 0.260314
0 0.00767815 0.237495 0.0153499 0.0784923 0.252537
0 0.169023 0.253913 0.0592207 0.0754628 0.251626
