32 0.398247 0.701357 0.0367415 0.0560493 0.956938
0 0.728236 0.586482 0.166789 0.388154 0.913633
0 0.892179 0.483199 0.155941 0.351401 0.909601
0 0.593779 0.554277 0.201237 0.374873 0.8961
0 0.839483 0.459341 0.0550243 0.242472 0.560873
0 0.327198 0.330406 0.0209321 0.0981983 0.490462
0 0.158757 0.249334 0.0240414 0.0778188 0.459862
2 0.168231 0.241137 0.104335 0.0692207 0.436918
0 0.0456 0.229875 0.0193436 0.0588029 0.420086
0 0.418643 0.335755 0.0337351 0.100336 0.361589
0 0.980317 0.292338 0.0228558 0.0847207 0.359956
0 0.248788 0.356177 0.0278808 0.042892 0.326856
0 0.0746049 0.232568 0.0271163 0.0647744 0.315198
0 0.462056 0.269888 0.0307735 0.0768679 0.314565
0 0.356328 0.332489 0.0195515 0.0868262 0.306415
0 0.415716 0.32921 0.0221907 0.0898059 0.306143
0 0.446548 0.333199 0.0228546 0.0976843 0.276305
0 0.251378 0.255852 0.0242841 0.0857983 0.265684
13 0.63335 0.362936 0.112825 0.0554802 0.262833
2 0.527151 0.233441 0.0725057 0.043853 0.256866
0 0.461947 0.352906 0.0221603 0.0693539 0.256808
0 0.352951 0.335431 0.0317335 0.0888733 0.25224
