0 0.337164 0.508325 0.14344 0.578228 0.909594
0 0.151571 0.33905 0.0712285 0.0810228 0.472497
0 0.544237 0.331136 0.0539033 0.0879336 0.413762
0 0.516059 0.268562 0.0607662 0.110214 0.412889
0 0.211417 0.339924 0.0487678 0.0804818 0.389944
56 0.621299 0.252653 0.0430755 0.0384632 0.372428
56 0.810029 0.174047 0.0383767 0.0298292 0.356366
0 0.956113 0.217343 0.0588268 0.0804802 0.352163
56 0.577365 0.250982 0.0436652 0.0330426 0.350026
56 0.634523 0.0285323 0.0357684 0.0266597 0.347729
56 0.912218 0.336174 0.045623 0.0388597 0.337656
56 0.665194 0.251743 0.0443916 0.0386882 0.33511
56 0.516988 0.212745 0.0476406 0.042208 0.333589
0 0.0364965 0.208805 0.049812 0.0754965 0.322196
56 0.848771 0.175603 0.0377817 0.0294946 0.318003
56 0.187808 0.209803 0.0447841 0.0323507 0.305856
0 0.608709 0.289953 0.0764747 0.0832007 0.301591
0 0.556157 0.164362 0.0490859 0.106943 0.296527
0 0.206076 0.270075 0.054123 0.105773 0.294777
0 0.325902 0.184751 0.0689179 0.100078 0.293952
56 0.109977 0.254243 0.0465579 0.0398664 0.292807
56 0.562873 0.214872 0.0436371 0.0376159 0.292397
0 0.351016 0.341036 0.0429947 0.068247 0.291876
56 0.889072 0.172453 0.0408611 0.0293021 0.284198
0 0.0372395 0.0517211 0.0446223 0.0746841 0.275516
56 0.833311 0.213794 0.0427933 0.0402821 0.275115
0 0.267526 0.185593 0.0444877 0.103978 0.250947
56 0.151126 0.255755 0.0429175 0.0478149 0.250423
