0 0.264141 0.652943 0.5224 0.672188 0.921148
0 0.391784 0.280983 0.165709 0.279607 0.907013
0 0.700166 0.618501 0.428004 0.744229 0.802712
0 0.18876 0.288339 0.177814 0.254934 0.786938
0 0.575159 0.294124 0.159373 0.293847 0.782721
0 0.675117 0.368766 0.201379 0.402858 0.662516
0 0.0832243 0.260737 0.121984 0.268732 0.612031
0 0.944614 0.357392 0.110162 0.333914 0.600253
0 0.294116 0.229538 0.0814869 0.218877 0.553664
60 0.451115 0.671261 0.494227 0.549976 0.547796
0 0.620591 0.179759 0.0581108 0.212607 0.493037
0 0.97142 0.26669 0.0566586 0.170218 0.466415
0 0.47387 0.247494 0.0679051 0.231586 0.447241
0 0.677133 0.27343 0.0883705 0.239255 0.408658
0 0.922522 0.15394 0.0825874 0.165766 0.365635
0 0.37501 0.11704 0.0548433 0.104778 0.353544
56 0.288764 0.365405 0.0507392 0.0940794 0.346879
45 0.591117 0.631436 0.0515557 0.044708 0.330215
0 0.854287 0.260398 0.105679 0.211634 0.329883
41 0.522713 0.617289 0.0332639 0.0593832 0.310021
26 0.87659 0.859655 0.185096 0.275438 0.305161
41 0.297389 0.455367 0.0189201 0.0626182 0.301705
40 0.612657 0.359525 0.0317614 0.0934975 0.295408
0 0.0279293 0.199303 0.0557758 0.143721 0.286559
41 0.612311 0.358615 0.030088 0.0928319 0.281522
56 0.907682 0.616238 0.0956593 0.31504 0.27058
60 0.015688 0.331504 0.0309496 0.0705571 0.255441
