41 0.827686 0.711018 0.106483 0.170889 0.889575
44 0.7555 0.944485 0.0956967 0.11012 0.880474
41 0.458649 0.645153 0.100384 0.150197 0.869988
42 0.333397 0.921853 0.435518 0.136381 0.839016
60 0.511205 0.706753 0.973209 0.579693 0.828897
0 0.553229 0.416086 0.147769 0.155833 0.751133
0 0.644626 0.443023 0.217182 0.206307 0.725725
0 0.728993 0.356346 0.0975712 0.149975 0.654391
41 0.566872 0.66269 0.102636 0.0902931 0.628125
0 0.251037 0.399608 0.0891302 0.0792763 0.622267
0 0.775487 0.441045 0.233755 0.374458 0.606463
0 0.464354 0.389948 0.0752299 0.0662044 0.598453
40 0.951113 0.850617 0.0977736 0.297682 0.594279
43 0.926941 0.628126 0.146118 0.141667 0.552902
0 0.170344 0.434885 0.118885 0.173449 0.513391
0 0.0857092 0.443724 0.171418 0.262294 0.506837
44 0.898233 0.920602 0.158976 0.130169 0.506729
43 0.896141 0.92066 0.156475 0.128802 0.497163
0 0.13424 0.749507 0.26848 0.434234 0.463301
41 0.369194 0.545787 0.0556939 0.097556 0.448703
0 0.12538 0.45152 0.25076 0.276446 0.398141
41 0.515025 0.558232 0.0561525 0.0754919 0.392218
43 0.300298 0.93248 0.34796 0.061993 0.379953
0 0.681776 0.445612 0.141962 0.21054 0.364802
41 0.459268 0.457894 0.0671016 0.0731903 0.3615
40 0.841467 0.41902 0.0545725 0.0858836 0.357384
39 0.459548 0.520298 0.0687391 0.105333 0.337658
0 0.635037 0.3374 0.0616502 0.0498603 0.324724
0 0.0613909 0.877554 0.122782 0.159373 0.293757
41 0.372629 0.521852 0.049105 0.0535812 0.292914
67 0.872983 0.387572 0.0367291 0.0298419 0.275202
0 0.908881 0.44277 0.179463 0.396253 0.261467
48 0.214011 0.828176 0.127097 0.0641964 0.255229
0 0.282273 0.391977 0.049371 0.0527619 0.252854
