2 0.165548 0.906214 0.269336 0.176812 0.9257
2 0.056425 0.612621 0.112273 0.088636 0.840607
2 0.840121 0.537144 0.14224 0.0864381 0.836334
9 0.190442 0.411016 0.0394263 0.18432 0.789558
5 0.947247 0.663055 0.104825 0.158679 0.560778
2 0.564212 0.541268 0.0908512 0.0258555 0.556681
9 0.440709 0.639408 0.0288698 0.0945089 0.517773
2 0.947444 0.662867 0.104443 0.157887 0.461654
9 0.392125 0.623364 0.0388224 0.0671614 0.442825
9 0.44032 0.626635 0.0241327 0.0754756 0.350914
9 0.39976 0.623018 0.0433622 0.0729245 0.335754
