0 0.599426 0.545725 0.117577 0.401337 0.866617
0 0.436044 0.562195 0.0752546 0.194457 0.84677
1 0.44334 0.629679 0.0912056 0.11992 0.813904
36 0.518592 0.709888 0.0964478 0.0915065 0.763911
0 0.0134772 0.510274 0.0267283 0.20812 0.670754
0 0.116899 0.539203 0.0238251 0.0881006 0.610799
36 0.0101761 0.612006 0.0201089 0.0212802 0.592504
0 0.988916 0.511818 0.0215542 0.105282 0.508943
0 0.331967 0.514825 0.0205221 0.0740767 0.500925
0 0.158033 0.537472 0.0488564 0.10264 0.418884
0 0.29871 0.514926 0.0195405 0.0799352 0.396928
0 0.663421 0.513245 0.0305107 0.0815376 0.298595
0 0.382285 0.504112 0.0165322 0.0709476 0.281189
0 0.143489 0.538639 0.0276288 0.0967788 0.279434
