0 0.701763 0.526688 0.290535 0.711913 0.901351
14 0.448601 0.670203 0.0669539 0.107449 0.833883
14 0.346776 0.639646 0.0662677 0.101083 0.816899
14 0.16837 0.654792 0.0739631 0.0912071 0.791185
14 0.529165 0.713479 0.0548165 0.117392 0.709408
14 0.284802 0.678876 0.0638177 0.119195 0.69765
26 0.817661 0.565187 0.16003 0.147665 0.647971
14 0.539863 0.801241 0.062446 0.105633 0.596516
14 0.246507 0.651227 0.072343 0.111014 0.574267
4 0.628738 0.222081 0.721487 0.438006 0.560219
14 0.28601 0.511773 0.0710676 0.129638 0.443756
14 0.562011 0.570308 0.0571737 0.0613777 0.433076
13 0.847877 0.712073 0.302708 0.543181 0.407371
14 0.482634 0.607781 0.0480784 0.102766 0.368528
14 0.481993 0.583261 0.0505917 0.149487 0.330064
