0 0.141209 0.658203 0.258852 0.654589 0.916044
20 0.509956 0.409225 0.158459 0.147692 0.891863
0 0.324503 0.645923 0.202036 0.53077 0.868447
20 0.903372 0.497162 0.146659 0.135711 0.810915
20 0.519024 0.645276 0.302759 0.278189 0.793418
20 0.868795 0.378359 0.0769154 0.115636 0.790628
20 0.754629 0.540261 0.0891581 0.162486 0.76644
20 0.16379 0.303844 0.11606 0.0953003 0.754045
20 0.156255 0.370885 0.121494 0.118249 0.736015
20 0.391259 0.377684 0.0763632 0.125644 0.638058
20 0.804611 0.48983 0.074802 0.147568 0.623839
20 0.788625 0.377371 0.103913 0.092802 0.571492
20 0.669248 0.456683 0.204013 0.0955958 0.512458
20 0.643043 0.626353 0.188571 0.263904 0.506678
20 0.687698 0.373362 0.0499392 0.0574486 0.445247
20 0.775418 0.408871 0.084304 0.0669316 0.411628
20 0.584353 0.49297 0.0902987 0.0969574 0.399917
20 0.440359 0.631211 0.145333 0.279753 0.360907
20 0.443506 0.542473 0.14219 0.0990102 0.335883
