41 0.385658 0.857566 0.224959 0.284864 0.97069
0 0.3818 0.411855 0.620667 0.602889 0.906244
60 0.504659 0.837759 0.990681 0.321935 0.872636
39 0.118745 0.856339 0.143412 0.287153 0.870889
56 0.849067 0.612382 0.300341 0.211557 0.821583
0 0.816153 0.432741 0.366488 0.49995 0.786453
41 0.185283 0.826667 0.110165 0.182693 0.614053
0 0.61684 0.370337 0.110806 0.219324 0.430938
2 0.742483 0.329514 0.128432 0.0534871 0.367675
2 0.743022 0.350831 0.131956 0.0964872 0.34454
0 0.550663 0.292392 0.0333683 0.0410336 0.263518
56 0.0432275 0.497102 0.086455 0.272321 0.25813
41 0.142109 0.82639 0.199655 0.186331 0.252714
