0 0.177795 0.595874 0.354282 0.783694 0.918231
0 0.540539 0.676009 0.177372 0.547371 0.859233
0 0.663832 0.701959 0.191525 0.365426 0.844773
0 0.674504 0.451621 0.170512 0.438388 0.774149
0 0.305123 0.629578 0.183721 0.719554 0.753481
39 0.592265 0.317935 0.0320116 0.180378 0.687021
0 0.378615 0.294789 0.0612301 0.286461 0.686663
37 0.453503 0.561538 0.152599 0.82627 0.665718
67 0.146186 0.440538 0.066665 0.0728488 0.585487
37 0.813636 0.481943 0.1855 0.637753 0.433164
33 0.45438 0.554244 0.155728 0.82444 0.349319
