3 0.425799 0.521587 0.780515 0.857782 0.896535
3 0.762581 0.38534 0.468634 0.383787 0.811842
0 0.325965 0.154636 0.16428 0.282448 0.739462
0 0.170214 0.270403 0.0241592 0.0478607 0.673804
0 0.0568525 0.292088 0.0219217 0.0718805 0.529237
0 0.253782 0.272731 0.0280248 0.0667539 0.479511
0 0.112134 0.299944 0.0222743 0.064274 0.41995
0 0.145016 0.278052 0.0264332 0.0451597 0.401768
3 0.025452 0.315094 0.050904 0.0708257 0.372321
0 0.144156 0.286797 0.0261991 0.0648413 0.317265
0 0.194658 0.281962 0.0201304 0.029343 0.304135
