0 0.423655 0.542235 0.53123 0.507343 0.866098
32 0.0237401 0.233596 0.0465195 0.039442 0.755251
0 0.90863 0.238707 0.182559 0.194233 0.754911
0 0.79651 0.249292 0.146239 0.182928 0.615187
0 0.521707 0.0738589 0.130155 0.147718 0.534419
0 0.631544 0.0658222 0.1112 0.131644 0.510764
0 0.642407 0.172034 0.136342 0.19296 0.502164
0 0.745305 0.0734827 0.127481 0.146965 0.472041
0 0.401101 0.253816 0.149757 0.178395 0.41591
0 0.285109 0.243863 0.108832 0.146346 0.415864
56 0.527112 0.152218 0.103705 0.0280974 0.36253
0 0.579555 0.398812 0.125531 0.161272 0.343225
56 0.410966 0.173334 0.11156 0.0652842 0.282683
56 0.52943 0.202349 0.110706 0.0522866 0.278292
56 0.411951 0.157481 0.106924 0.0339118 0.268601
56 0.527025 0.160464 0.105 0.0419322 0.262764
