0 0.858793 0.32837 0.196615 0.289781 0.921443
10 0.418542 0.532801 0.696696 0.873565 0.90909
9 0.263923 0.140574 0.0317567 0.0436749 0.6353
2 0.725623 0.335031 0.0923826 0.0447343 0.621826
9 0.619191 0.0723511 0.0334996 0.0596333 0.61535
2 0.958179 0.352004 0.0793188 0.029864 0.505658
2 0.620414 0.336268 0.117553 0.0363505 0.470209
7 0.0386054 0.308091 0.0772108 0.0743137 0.464918
2 0.786854 0.34044 0.0496344 0.036856 0.39235
2 0.0384725 0.307532 0.0769451 0.0751116 0.329352
0 0.664308 0.337259 0.0275633 0.0374398 0.315753
2 0.96915 0.35127 0.057702 0.0268724 0.255941
