0 0.490445 0.562124 0.040748 0.176579 0.762002
0 0.395838 0.52069 0.0361648 0.159564 0.745564
0 0.824681 0.555552 0.0395859 0.17691 0.721076
24 0.759637 0.542463 0.033576 0.065198 0.710204
0 0.675897 0.505214 0.0407048 0.0930111 0.707666
8 0.203183 0.494651 0.277428 0.117885 0.662546
0 0.729951 0.55838 0.0412553 0.171872 0.641326
8 0.613732 0.257422 0.207459 0.0376029 0.609116
0 0.295053 0.526028 0.0262351 0.120651 0.558236
0 0.629134 0.500796 0.0408314 0.103581 0.465424
8 0.0368669 0.261339 0.0730404 0.038388 0.399636
8 0.815512 0.224247 0.0714642 0.0396222 0.397829
0 0.835463 0.555026 0.0329144 0.177329 0.381562
0 0.865224 0.226446 0.0108276 0.0329193 0.372226
0 0.54353 0.503543 0.0347544 0.0595404 0.36818
0 0.640805 0.583208 0.0626712 0.0952591 0.296616
0 0.66869 0.603681 0.0507354 0.133844 0.286308
0 0.673972 0.562139 0.0446358 0.208898 0.263957
37 0.862226 0.542637 0.0356083 0.0251185 0.263002
