0 0.705797 0.313623 0.0884267 0.276455 0.865102
0 0.930723 0.454366 0.104602 0.391412 0.832708
0 0.130738 0.318331 0.192182 0.493759 0.795304
0 0.858536 0.408662 0.0898422 0.443411 0.788366
0 0.222012 0.294255 0.0659163 0.337153 0.775764
0 0.44944 0.290419 0.0659418 0.192659 0.769738
0 0.348827 0.309458 0.081432 0.161011 0.750068
0 0.0390502 0.487005 0.0781005 0.502358 0.734017
0 0.500972 0.309111 0.0626926 0.163462 0.722532
0 0.775822 0.330209 0.0923643 0.345738 0.673629
0 0.289501 0.297973 0.0567187 0.197057 0.540675
47 0.67288 0.888858 0.433752 0.222023 0.47177
24 0.706638 0.290932 0.045181 0.118702 0.418194
47 0.538763 0.723106 0.159917 0.145742 0.3933
47 0.690931 0.722622 0.1575 0.130958 0.380019
0 0.578428 0.241417 0.0383015 0.114793 0.373812
0 0.920679 0.255681 0.0539223 0.149583 0.324177
0 0.315288 0.295543 0.0340324 0.187093 0.293198
5 0.45354 0.169311 0.239562 0.0685898 0.254603
