0 0.325588 0.757828 0.0713471 0.295248 0.796148
1 0.112067 0.82684 0.173367 0.151623 0.775838
0 0.119572 0.742299 0.09941 0.181159 0.750135
2 0.755202 0.704846 0.214763 0.153191 0.697084
0 0.17529 0.705474 0.0484054 0.194276 0.681889
0 0.988919 0.706425 0.0214306 0.119589 0.677152
0 0.942966 0.709533 0.0206711 0.11159 0.57352
0 0.963039 0.708854 0.0206165 0.114715 0.54667
0 0.372298 0.729243 0.045124 0.217495 0.520901
0 0.251048 0.707679 0.0383379 0.153816 0.517276
0 0.455818 0.694913 0.0310085 0.130098 0.441617
5 0.35961 0.663054 0.671643 0.335372 0.408318
0 0.610663 0.690045 0.0450698 0.135554 0.394266
2 0.872737 0.710612 0.089872 0.0887296 0.390755
0 0.223377 0.704763 0.0387356 0.153242 0.366565
0 0.298262 0.734957 0.0255177 0.186583 0.270507
