2 0.333329 0.843068 0.121542 0.141378 0.896229
2 0.14035 0.837145 0.124467 0.130947 0.862561
2 0.566904 0.806287 0.126777 0.0806287 0.813495
2 0.220598 0.825033 0.0888833 0.106812 0.760317
2 0.38683 0.820613 0.0983991 0.149703 0.755105
2 0.447421 0.82925 0.0546741 0.104304 0.722937
2 0.286066 0.716329 0.0557165 0.0808091 0.715504
2 0.464476 0.697307 0.0446926 0.069621 0.567551
2 0.460069 0.804901 0.0645243 0.0903037 0.548308
2 0.310172 0.763389 0.0621968 0.0627784 0.545283
2 0.388821 0.625267 0.044731 0.0703568 0.535845
2 0.262048 0.819307 0.0613317 0.0972376 0.484304
2 0.468376 0.809893 0.0472898 0.0992077 0.420022
2 0.339092 0.733248 0.043433 0.0435214 0.357165
2 0.158759 0.739845 0.0522471 0.046566 0.339731
9 0.36489 0.551707 0.0167998 0.0718089 0.325512
2 0.265414 0.811093 0.0502645 0.0823151 0.318663
9 0.364208 0.527932 0.0121726 0.0280456 0.302026
9 0.0857007 0.536158 0.0216745 0.0855275 0.266495
2 0.22473 0.746694 0.0455029 0.0454719 0.256877
