0 0.298713 0.519609 0.285955 0.933579 0.883196
0 0.645372 0.555688 0.533327 0.860521 0.83333
65 0.854472 0.617791 0.115719 0.0831555 0.664491
65 0.780812 0.308222 0.0370251 0.153147 0.359903
65 0.781447 0.276775 0.0358816 0.0900294 0.359852
57 0.446 0.820726 0.889932 0.340963 0.339061
65 0.757805 0.346579 0.0877354 0.273083 0.333583
65 0.394803 0.349556 0.034226 0.0709502 0.327807
65 0.359905 0.397833 0.0345647 0.0838381 0.313385
65 0.382239 0.47065 0.0812366 0.231956 0.310011
65 0.733992 0.24965 0.040361 0.0814359 0.272998
