0 0.653789 0.685697 0.0659539 0.272358 0.867247
0 0.564736 0.6827 0.0718594 0.248481 0.856746
0 0.381597 0.676204 0.0568169 0.274631 0.856383
0 0.917369 0.79788 0.0956682 0.395274 0.838711
0 0.450441 0.701954 0.0738565 0.323671 0.826662
6 0.26406 0.502871 0.522973 0.610272 0.808505
0 0.289482 0.681784 0.0761495 0.31455 0.775693
0 0.517576 0.673477 0.0576595 0.223227 0.6802
0 0.719187 0.69874 0.0675373 0.266327 0.641744
0 0.84561 0.750077 0.0840988 0.376731 0.532725
0 0.609009 0.68107 0.0536063 0.245259 0.526195
0 0.800473 0.675029 0.0590034 0.243882 0.418714
0 0.765107 0.670397 0.0501606 0.253939 0.404942
9 0.828083 0.192314 0.0787621 0.254045 0.353393
0 0.841231 0.804977 0.0737762 0.267052 0.346888
26 0.310576 0.611071 0.0277509 0.0814204 0.343996
0 0.599241 0.683503 0.0455849 0.239013 0.257097
