2 0.183116 0.849282 0.0530564 0.0493423 0.82296
9 0.430381 0.487053 0.0176378 0.0818622 0.815245
9 0.700537 0.569301 0.0155098 0.0674623 0.744707
9 0.327731 0.521552 0.0156097 0.066245 0.729201
9 0.117117 0.473089 0.0188019 0.0730122 0.719769
9 0.752244 0.587734 0.0175643 0.0696547 0.705536
7 0.753046 0.843406 0.0785345 0.0785844 0.70099
9 0.465707 0.503869 0.0221069 0.0753946 0.69642
9 0.804589 0.61037 0.0186069 0.0600959 0.689633
2 0.248299 0.851807 0.050904 0.0424239 0.668935
9 0.559414 0.53072 0.0166673 0.068691 0.66565
9 0.0900353 0.473196 0.0258987 0.0785784 0.663876
9 0.465434 0.525305 0.0216084 0.124217 0.662104
9 0.578196 0.530131 0.0198513 0.0728491 0.648565
2 0.282649 0.846142 0.0249897 0.0296299 0.645976
2 0.0929307 0.839456 0.0963763 0.0896569 0.618003
2 0.597877 0.849705 0.0242176 0.0271255 0.558152
7 0.952178 0.837741 0.0947483 0.104354 0.534512
2 0.951735 0.83769 0.0951016 0.102487 0.512845
7 0.547571 0.841658 0.0426699 0.0546929 0.501824
9 0.327189 0.516227 0.0192556 0.0774143 0.414118
2 0.841181 0.842019 0.0206165 0.0173757 0.396462
2 0.357084 0.84879 0.0148874 0.0142988 0.311929
2 0.386557 0.847107 0.0203165 0.0198476 0.291693
2 0.33247 0.848719 0.0285562 0.0201822 0.250593
