77 0.478431 0.642864 0.200885 0.371679 0.913172
0 0.335828 0.824199 0.14812 0.34802 0.888966
1 0.698341 0.793776 0.501111 0.402714 0.803031
0 0.030838 0.838452 0.0611839 0.311546 0.802435
41 0.209122 0.585195 0.0593259 0.12592 0.795409
0 0.31383 0.525796 0.137392 0.432551 0.789213
0 0.599449 0.476583 0.069709 0.19802 0.785536
0 0.710624 0.652445 0.208346 0.640207 0.695123
2 0.166427 0.428068 0.0341385 0.0346641 0.5956
0 0.175268 0.869602 0.235138 0.256303 0.572942
3 0.965112 0.501589 0.0652685 0.0612952 0.444517
0 0.566089 0.530207 0.182174 0.333399 0.420999
2 0.96449 0.500122 0.0629539 0.0621261 0.377757
0 0.0781002 0.427491 0.0150729 0.0492464 0.312472
0 0.522618 0.677344 0.272686 0.625353 0.268489
2 0.0523912 0.433594 0.0331814 0.0440534 0.256807
