0 0.372169 0.50443 0.116768 0.695807 0.864112
0 0.473326 0.333009 0.0944735 0.184341 0.792175
0 0.172569 0.544451 0.136545 0.241039 0.787302
58 0.791736 0.36693 0.224758 0.35469 0.701951
57 0.61107 0.6572 0.741962 0.485702 0.677166
73 0.0572235 0.890457 0.107556 0.0670868 0.644386
0 0.807506 0.780186 0.323073 0.425601 0.498977
0 0.0933817 0.569789 0.111823 0.270808 0.486265
0 0.636676 0.884444 0.703792 0.221147 0.332031
0 0.617376 0.784465 0.730972 0.421801 0.306887
57 0.401659 0.62253 0.777811 0.422662 0.293204
65 0.180662 0.812255 0.0551319 0.0374627 0.282266
58 0.837585 0.358851 0.119574 0.212951 0.263769
