12 0.428999 0.765532 0.0944296 0.360616 0.96407
2 0.906519 0.39482 0.186962 0.161361 0.916491
2 0.676477 0.372917 0.182859 0.129755 0.890498
14 0.398454 0.549653 0.148454 0.209446 0.877131
2 0.725246 0.733212 0.545783 0.531007 0.738966
9 0.224738 0.155347 0.0201795 0.0612408 0.703877
7 0.118329 0.365678 0.233117 0.71953 0.595861
2 0.16944 0.426421 0.0821547 0.098229 0.450197
9 0.754034 0.18959 0.0124313 0.0386359 0.30826
7 0.0725197 0.361967 0.143013 0.720187 0.289996
7 0.0669036 0.274076 0.132337 0.544433 0.257474
