0 0.909506 0.130564 0.119862 0.261128 0.859783
2 0.569563 0.0844188 0.286137 0.113986 0.821377
0 0.736941 0.116178 0.0744032 0.163466 0.79771
3 0.873997 0.264298 0.250096 0.42881 0.792719
0 0.208773 0.0897243 0.0466765 0.0879206 0.790426
0 0.369023 0.0980749 0.041342 0.0750596 0.788831
0 0.643834 0.0744616 0.0731796 0.125046 0.681376
0 0.989466 0.106516 0.0203377 0.120176 0.614759
0 0.318194 0.0613014 0.0161512 0.0466682 0.38189
16 0.525046 0.487489 0.915345 0.775654 0.286548
33 0.517961 0.48355 0.912374 0.728453 0.279935
0 0.339478 0.0591886 0.014558 0.0470775 0.270815
