0 0.447934 0.559356 0.122196 0.36366 0.920848
0 0.568128 0.569051 0.140399 0.338064 0.901511
28 0.428957 0.858169 0.111441 0.282525 0.900895
28 0.703848 0.893654 0.120001 0.210966 0.861326
28 0.786887 0.91976 0.0904892 0.159271 0.844731
28 0.349459 0.884764 0.0645785 0.217631 0.824463
28 0.540177 0.856089 0.128319 0.286053 0.789666
2 0.838148 0.490894 0.134099 0.0730337 0.543633
2 0.365709 0.481478 0.0765228 0.0553094 0.422829
28 0.357492 0.72553 0.0947062 0.1257 0.41104
2 0.331697 0.483681 0.0493642 0.0532043 0.358881
28 0.601306 0.930443 0.0844258 0.138169 0.294579
28 0.632644 0.861806 0.158655 0.273364 0.275683
