0 0.0660849 0.575708 0.13217 0.834861 0.899251
3 0.393391 0.653728 0.556995 0.668906 0.802526
0 0.310068 0.549272 0.177012 0.848368 0.628983
0 0.725459 0.380659 0.0682931 0.372134 0.574648
0 0.207642 0.449146 0.0774334 0.391015 0.570263
0 0.662822 0.244558 0.060241 0.134178 0.562469
0 0.973191 0.163245 0.0527668 0.20881 0.561496
3 0.634107 0.482672 0.175685 0.348406 0.549341
0 0.928877 0.213183 0.0971525 0.143875 0.546969
0 0.462395 0.365584 0.200019 0.27561 0.495579
0 0.566503 0.245958 0.0537135 0.130962 0.485374
0 0.197756 0.0981776 0.0439989 0.091546 0.400893
0 0.496382 0.333184 0.11888 0.179518 0.377121
0 0.794344 0.414169 0.119716 0.503219 0.281933
3 0.167749 0.531041 0.141248 0.331263 0.279398
3 0.673398 0.484477 0.251605 0.349879 0.264219
0 0.627738 0.26169 0.0705852 0.0971033 0.261872
