56 0.671964 0.836436 0.256586 0.319978 0.912418
0 0.218275 0.615377 0.231936 0.55644 0.907428
0 0.45755 0.44201 0.129529 0.223334 0.88804
0 0.294953 0.450605 0.155611 0.284513 0.874602
56 0.871575 0.816505 0.213722 0.360232 0.853551
0 0.626041 0.434018 0.139881 0.213209 0.839297
0 0.854437 0.617703 0.14745 0.418655 0.822961
56 0.139983 0.767514 0.169737 0.452892 0.810304
0 0.695525 0.650758 0.277322 0.561273 0.774091
0 0.893357 0.489597 0.0853577 0.25859 0.726555
41 0.487512 0.56583 0.0287415 0.0495157 0.640157
56 0.321834 0.85992 0.242986 0.266874 0.556477
60 0.445676 0.666873 0.331927 0.275173 0.413364
41 0.530985 0.554435 0.0255685 0.0708531 0.372187
56 0.694317 0.451665 0.0221132 0.0756783 0.358575
56 0.374047 0.860189 0.344654 0.268977 0.354482
40 0.366707 0.599655 0.026652 0.0887563 0.349424
41 0.394155 0.572714 0.0283691 0.0427023 0.348605
56 0.40143 0.471018 0.0206178 0.055472 0.326348
41 0.584871 0.586665 0.0211877 0.041906 0.32236
40 0.610969 0.531529 0.022724 0.0968371 0.294819
56 0.487393 0.93113 0.119658 0.12989 0.293843
40 0.55379 0.600259 0.0224353 0.0839211 0.259536
