25 0.748223 0.385753 0.134904 0.116049 0.884226
0 0.733432 0.600676 0.0831141 0.424057 0.868077
0 0.614957 0.639803 0.0992799 0.401853 0.859062
25 0.588262 0.425585 0.150727 0.106133 0.757104
26 0.569718 0.549044 0.0337482 0.126286 0.691939
2 0.0463336 0.370568 0.0759957 0.0456375 0.53178
0 0.215519 0.373145 0.0203218 0.0651343 0.517238
2 0.501432 0.389327 0.0341423 0.0435152 0.462723
0 0.435302 0.402992 0.0180956 0.0641876 0.438869
0 0.466397 0.403446 0.027923 0.0677869 0.399319
0 0.207658 0.374952 0.0137294 0.0612326 0.39514
2 0.0553826 0.374028 0.0582404 0.0383529 0.358371
9 0.63648 0.285629 0.0132672 0.0352558 0.282704
26 0.726596 0.56398 0.0765609 0.235358 0.275966
0 0.459847 0.404534 0.0260714 0.0667609 0.267204
1 0.213909 0.375058 0.0262974 0.0673038 0.251741
