1 0.526631 0.66507 0.707728 0.640272 0.878351
8 0.503204 0.314529 0.106905 0.0560375 0.724276
8 0.687609 0.350143 0.259744 0.112791 0.685196
1 0.262025 0.767539 0.52208 0.421787 0.647186
2 0.0289005 0.391169 0.0561352 0.0992384 0.482925
2 0.174963 0.312783 0.0334152 0.0337041 0.478448
8 0.424286 0.299821 0.060193 0.0344817 0.457136
2 0.0086297 0.446543 0.0172594 0.0386506 0.39066
2 0.306792 0.339279 0.0485301 0.0338563 0.378054
8 0.769984 0.370478 0.0944363 0.0766308 0.364505
2 0.0922633 0.369979 0.0292894 0.0517856 0.348902
8 0.904346 0.369657 0.190482 0.109777 0.348547
2 0.0973045 0.349863 0.0997871 0.0732709 0.33529
2 0.0255221 0.380806 0.0508213 0.0790885 0.32445
2 0.607325 0.304711 0.054063 0.0260202 0.321297
2 0.111702 0.350943 0.072438 0.0760192 0.288709
8 0.575494 0.353765 0.0520132 0.0341234 0.266918
2 0.189241 0.310692 0.0261384 0.0273172 0.265735
2 0.868364 0.33156 0.0463192 0.0339873 0.258002
2 0.082077 0.343743 0.0745932 0.0621894 0.255069
