0 0.236506 0.405063 0.472412 0.51762 0.893571
0 0.337422 0.368034 0.301323 0.304275 0.879109
0 0.656617 0.358048 0.340584 0.416991 0.876811
55 0.534127 0.814715 0.0733231 0.0563488 0.754546
0 0.957754 0.411265 0.0833974 0.245605 0.73834
55 0.827504 0.646554 0.302873 0.133989 0.73603
60 0.61082 0.760598 0.775052 0.477408 0.724439
0 0.249549 0.827973 0.499097 0.343196 0.436482
0 0.0654106 0.800944 0.129316 0.299494 0.396502
0 0.263295 0.815176 0.386454 0.31016 0.337283
45 0.885074 0.943249 0.229852 0.112763 0.315789
41 0.951194 0.569633 0.0952306 0.0897955 0.267611
0 0.256342 0.882926 0.4797 0.23288 0.265867
