0 0.846156 0.576202 0.0867128 0.321805 0.89162
0 0.208478 0.658854 0.120128 0.454639 0.854452
0 0.275866 0.622878 0.0906706 0.457108 0.832939
0 0.0919013 0.675595 0.102768 0.482713 0.785687
5 0.564094 0.44677 0.42133 0.394653 0.745454
0 0.161065 0.565591 0.0760103 0.37398 0.712286
0 0.162645 0.347626 0.0817723 0.201405 0.705788
5 0.175194 0.413383 0.348655 0.796679 0.653072
26 0.124278 0.764093 0.0673557 0.114094 0.457419
26 0.878748 0.556424 0.0427822 0.126877 0.415094
0 0.807888 0.466579 0.0275166 0.0973321 0.398609
26 0.247746 0.683981 0.0580949 0.135299 0.357482
2 0.340555 0.453164 0.0434546 0.0651395 0.336923
2 0.76778 0.459552 0.0567653 0.110121 0.330005
0 0.886517 0.464866 0.0296848 0.0941993 0.255779
