0 0.518399 0.549577 0.229925 0.607071 0.934325
0 0.17863 0.495752 0.352829 0.982535 0.934212
32 0.651586 0.184515 0.0250425 0.0413598 0.819027
0 0.902686 0.429607 0.0858963 0.233967 0.789055
0 0.569151 0.413364 0.0816559 0.257972 0.736114
0 0.840493 0.431312 0.122696 0.248056 0.731534
0 0.655718 0.443859 0.0993955 0.297325 0.711193
0 0.737815 0.436735 0.108166 0.288914 0.651936
34 0.402341 0.413645 0.14002 0.0777303 0.611061
0 0.747467 0.319349 0.0421052 0.126471 0.446909
0 0.748363 0.342035 0.0452314 0.178559 0.391988
0 0.947189 0.348755 0.0551315 0.129666 0.387608
32 0.203323 0.201404 0.0248706 0.0432833 0.311375
0 0.947474 0.377382 0.05511 0.189749 0.301973
34 0.360137 0.457303 0.219195 0.153556 0.272895
