0 0.744146 0.5096 0.419356 0.6589 0.920062
0 0.315454 0.618757 0.454486 0.759576 0.914591
56 0.77035 0.776777 0.426424 0.446445 0.858396
45 0.418567 0.490479 0.150323 0.0979571 0.633245
56 0.289006 0.821478 0.499538 0.357044 0.622484
44 0.641753 0.215198 0.0206288 0.122083 0.463593
39 0.75677 0.327279 0.0225726 0.096477 0.424345
45 0.382581 0.556608 0.103707 0.0633024 0.312201
45 0.441922 0.450547 0.0898593 0.0659908 0.275213
60 0.508591 0.605272 0.301452 0.363554 0.264529
45 0.4314 0.439081 0.0671335 0.033349 0.256724
