0 0.691331 0.488734 0.177611 0.652012 0.888955
45 0.102516 0.853435 0.107341 0.0987029 0.806727
44 0.849019 0.199669 0.0339468 0.193204 0.788954
45 0.149492 0.72176 0.121333 0.0967839 0.73035
45 0.263125 0.413645 0.0439177 0.035268 0.678938
45 0.0669817 0.788916 0.133786 0.155099 0.597042
69 0.152173 0.574229 0.302567 0.244331 0.580868
69 0.863964 0.644872 0.201577 0.334252 0.470429
0 0.0468319 0.668447 0.0932677 0.109517 0.460557
44 0.872774 0.18729 0.025312 0.143026 0.450377
45 0.426595 0.643064 0.0615125 0.0421909 0.35928
44 0.807333 0.156972 0.0162929 0.115968 0.355476
41 0.257656 0.283408 0.0278166 0.0413387 0.347272
41 0.248778 0.667179 0.0428796 0.0789376 0.330016
58 0.0481745 0.177699 0.0958829 0.342604 0.318695
72 0.977541 0.414829 0.0438129 0.82239 0.312134
60 0.268782 0.771252 0.53095 0.433737 0.300508
26 0.700708 0.341617 0.054118 0.153461 0.297405
44 0.828235 0.182898 0.0205704 0.15986 0.265301
44 0.866142 0.188265 0.0194328 0.135251 0.257195
