9 0.773231 0.224308 0.119427 0.31064 0.898608
2 0.150911 0.58959 0.216019 0.0654176 0.855834
2 0.370801 0.586076 0.197252 0.0592188 0.808936
9 0.641472 0.329241 0.0327902 0.0555343 0.73293
2 0.588572 0.569873 0.117164 0.0611015 0.693658
9 0.481498 0.356745 0.0286449 0.0758045 0.563506
2 0.981265 0.562392 0.032547 0.024096 0.504815
5 0.546799 0.55588 0.172031 0.0791945 0.414708
2 0.806598 0.566771 0.0592752 0.0331247 0.370135
9 0.456071 0.344191 0.0271392 0.0543921 0.361232
7 0.545498 0.556124 0.17149 0.0771004 0.346958
9 0.529578 0.305709 0.0525452 0.0450086 0.306802
