0 0.473224 0.605998 0.643702 0.576296 0.899982
72 0.566605 0.498074 0.55847 0.8796 0.753879
68 0.146202 0.337244 0.237648 0.107112 0.524938
39 0.582788 0.0375145 0.0387828 0.075029 0.416816
39 0.639576 0.0363505 0.0867958 0.072475 0.38483
39 0.652166 0.0352782 0.0622454 0.0695279 0.328214
39 0.615811 0.036946 0.0374669 0.073892 0.320955
39 0.236349 0.346959 0.0287036 0.0761776 0.318348
39 0.5488 0.0394093 0.0379416 0.0788186 0.313679
39 0.507694 0.0416592 0.0504676 0.0833185 0.309937
39 0.0240564 0.349168 0.0448999 0.0983192 0.278634
43 0.020038 0.28121 0.0399589 0.0364404 0.264504
39 0.465319 0.0437255 0.0516349 0.0874511 0.254841
