0 0.901722 0.592422 0.195904 0.796275 0.93562
0 0.152891 0.643205 0.304668 0.685473 0.904705
0 0.632843 0.54568 0.214632 0.394262 0.885674
46 0.700223 0.893935 0.308247 0.197327 0.814973
46 0.334227 0.857728 0.172642 0.272981 0.709735
47 0.533937 0.941074 0.118156 0.116313 0.689007
46 0.408086 0.915726 0.226506 0.157837 0.488931
0 0.314303 0.618516 0.249189 0.424155 0.488477
46 0.520985 0.716817 0.235656 0.138553 0.479912
0 0.370374 0.524622 0.135378 0.305592 0.452593
39 0.771971 0.227862 0.021904 0.105414 0.396054
39 0.752662 0.22816 0.0220515 0.105485 0.349094
39 0.710245 0.227188 0.0227104 0.104203 0.329396
46 0.526097 0.663711 0.0961968 0.0826706 0.294013
39 0.731233 0.226832 0.0194523 0.10483 0.282998
0 0.257464 0.612322 0.13733 0.403151 0.266505
39 0.793195 0.226982 0.0203434 0.104808 0.254029
