39 0.733491 0.73123 0.128115 0.518212 0.888004
39 0.142075 0.723356 0.136372 0.541424 0.864952
0 0.410986 0.357179 0.800117 0.708157 0.751564
39 0.936662 0.595359 0.125759 0.4096 0.67337
43 0.306933 0.888922 0.183282 0.169494 0.65442
48 0.595453 0.660709 0.167188 0.291253 0.578912
60 0.505436 0.742999 0.982073 0.486703 0.42465
41 0.485477 0.971733 0.16183 0.0559529 0.310795
39 0.0423371 0.854774 0.0841969 0.282951 0.261762
41 0.0419588 0.848998 0.0835958 0.291123 0.260984
0 0.257944 0.375469 0.515887 0.734342 0.260316
