2 0.916365 0.242664 0.166133 0.0588073 0.80609
0 0.393634 0.245058 0.0158997 0.0535343 0.700483
2 0.483693 0.250155 0.0446961 0.0393164 0.670554
9 0.597391 0.0639925 0.011379 0.0376961 0.607178
9 0.368696 0.160669 0.0148896 0.0536 0.569844
9 0.819226 0.139258 0.0122456 0.0409688 0.528038
9 0.120477 0.101189 0.0140862 0.0577664 0.507936
2 0.156735 0.23911 0.154406 0.0734046 0.45997
9 0.79605 0.137006 0.0168876 0.0449928 0.455501
9 0.138018 0.0980166 0.0182976 0.0572255 0.421423
9 0.137735 0.113745 0.0183491 0.087407 0.408175
9 0.367107 0.161623 0.0214139 0.0544865 0.364471
7 0.154943 0.238799 0.151435 0.0723966 0.311409
9 0.355754 0.17873 0.0133813 0.0194448 0.270824
9 0.795198 0.145043 0.0198633 0.0623808 0.256397
