2 0.422954 0.54048 0.0681329 0.0628733 0.890835
2 0.736154 0.565458 0.105357 0.0919055 0.872021
74 0.501668 0.219053 0.056441 0.0758558 0.857299
2 0.95538 0.581955 0.0884146 0.154445 0.850852
2 0.37629 0.536205 0.051341 0.0498043 0.810958
2 0.653916 0.554556 0.0862834 0.0803956 0.801389
2 0.853459 0.562959 0.137167 0.137789 0.80016
9 0.0414786 0.277705 0.0486548 0.150344 0.786022
2 0.590348 0.534651 0.0572159 0.0492589 0.713252
9 0.189966 0.322981 0.0351015 0.108882 0.650294
2 0.341504 0.523896 0.0424412 0.0511653 0.613704
9 0.581171 0.283956 0.0301379 0.12291 0.600357
2 0.282217 0.492657 0.0235956 0.0242605 0.519263
2 0.390565 0.476529 0.0364302 0.0300824 0.477172
2 0.466748 0.504083 0.0382165 0.0431991 0.465792
2 0.535372 0.528349 0.0468414 0.0451908 0.300439
2 0.544709 0.529874 0.0636303 0.045064 0.286961
2 0.52837 0.524699 0.0347527 0.0473511 0.270624
2 0.28311 0.497119 0.0265219 0.0311624 0.265684
