20 0.335794 0.389033 0.268859 0.332283 0.877063
20 0.37004 0.801761 0.233179 0.119142 0.870076
0 0.211642 0.346304 0.174572 0.225936 0.868784
0 0.544185 0.745026 0.217442 0.26091 0.857045
0 0.75836 0.651265 0.15195 0.27181 0.78396
20 0.913442 0.903072 0.171682 0.18386 0.774585
29 0.721052 0.565713 0.0763981 0.0713041 0.722728
0 0.453895 0.101137 0.108618 0.200691 0.678086
20 0.393344 0.252242 0.375858 0.237889 0.631523
29 0.727832 0.560426 0.0633165 0.0598639 0.497049
20 0.59294 0.773597 0.265048 0.207815 0.454671
20 0.393016 0.332234 0.375468 0.391088 0.432184
0 0.75816 0.551021 0.153932 0.388495 0.335028
0 0.974365 0.830402 0.0505779 0.0660461 0.315792
0 0.975329 0.730486 0.0483429 0.265771 0.256744
