0 0.789986 0.695423 0.413248 0.59716 0.930596
0 0.517843 0.732246 0.307645 0.529088 0.828313
33 0.21088 0.0651588 0.0598722 0.0589475 0.789833
33 0.144477 0.418439 0.0542671 0.0485186 0.783721
0 0.289574 0.715489 0.119317 0.31818 0.771395
33 0.49862 0.373536 0.0439557 0.0390938 0.668204
33 0.0795819 0.314843 0.0435115 0.0375851 0.663094
26 0.464252 0.694558 0.216044 0.170139 0.645265
33 0.452123 0.205254 0.0350825 0.0346191 0.61372
33 0.258794 0.237405 0.027952 0.0265518 0.61253
33 0.500359 0.296893 0.0275958 0.0264777 0.59493
33 0.343725 0.376945 0.0319907 0.0269666 0.541691
33 0.727528 0.287373 0.0300658 0.021506 0.517421
0 0.396267 0.747383 0.111936 0.445002 0.500997
33 0.580445 0.417892 0.0205405 0.0138554 0.457702
33 0.413758 0.34539 0.0249325 0.0218943 0.455448
0 0.165483 0.56732 0.0458231 0.0939066 0.44093
0 0.115047 0.570184 0.0367194 0.0753967 0.429745
33 0.598614 0.393993 0.0204512 0.0214241 0.366563
26 0.78859 0.710906 0.353394 0.305863 0.354913
0 0.0282814 0.623085 0.0538927 0.142879 0.263266
