0 0.62824 0.661977 0.128341 0.410181 0.852185
0 0.479665 0.581934 0.090922 0.213379 0.794607
0 0.558482 0.522436 0.102892 0.308921 0.764265
0 0.398058 0.489761 0.0626116 0.243033 0.74765
0 0.90709 0.454051 0.0424225 0.136713 0.671506
0 0.44176 0.443945 0.0365705 0.129502 0.617273
0 0.983889 0.472874 0.0313835 0.175465 0.612787
30 0.560406 0.373833 0.102803 0.163586 0.597106
0 0.853388 0.454498 0.0354893 0.129 0.592274
0 0.286036 0.442664 0.0436715 0.142361 0.562712
0 0.218388 0.444709 0.0355789 0.147852 0.528195
0 0.725172 0.470836 0.0693818 0.260392 0.497791
0 0.787027 0.464949 0.0383413 0.128731 0.431992
0 0.181613 0.438866 0.0375289 0.151265 0.424085
0 0.506408 0.420234 0.0395676 0.106843 0.300508
0 0.470575 0.418159 0.0397513 0.129722 0.292085
0 0.645729 0.456774 0.0768345 0.191157 0.266098
0 0.013833 0.417791 0.0258937 0.107391 0.256728
0 0.240281 0.445579 0.022492 0.122111 0.252179
