0 0.130495 0.526177 0.180189 0.508285 0.709926
56 0.0609693 0.616514 0.121288 0.313526 0.569572
28 0.122609 0.870827 0.135451 0.257152 0.460396
0 0.0460331 0.292396 0.0920661 0.321315 0.42496
28 0.363828 0.900403 0.224523 0.198208 0.421092
24 0.364777 0.682741 0.337674 0.506552 0.41848
24 0.363698 0.900106 0.225543 0.198774 0.411505
28 0.73972 0.733338 0.516882 0.530233 0.409761
56 0.0520261 0.871143 0.103314 0.255025 0.400427
26 0.36337 0.900634 0.224992 0.198011 0.354435
28 0.615595 0.77771 0.28396 0.442646 0.308856
0 0.222884 0.38507 0.0571709 0.135638 0.294209
24 0.329775 0.636605 0.258792 0.405745 0.258828
