0 0.845611 0.451783 0.205498 0.898246 0.904802
0 0.471713 0.48202 0.405769 0.632721 0.903522
0 0.291865 0.277698 0.194918 0.554021 0.882113
56 0.106696 0.530059 0.212941 0.419237 0.85978
60 0.354104 0.830788 0.699404 0.316279 0.808593
56 0.684814 0.607146 0.120318 0.524867 0.662988
56 0.965648 0.791098 0.0677822 0.245534 0.512738
73 0.203204 0.929478 0.228996 0.138511 0.372491
56 0.950631 0.946186 0.0977219 0.0963025 0.357242
56 0.951142 0.829601 0.0966997 0.325059 0.340415
73 0.0691515 0.85245 0.13762 0.277794 0.281896
