0 0.511943 0.399035 0.14005 0.279812 0.864406
2 0.347496 0.409473 0.0548504 0.149176 0.749456
2 0.128572 0.536866 0.256489 0.90132 0.691326
2 0.922001 0.60624 0.148573 0.175146 0.68933
28 0.569102 0.558921 0.279409 0.179835 0.684376
28 0.47003 0.71855 0.111276 0.149822 0.682668
2 0.836909 0.640287 0.324575 0.709719 0.682534
0 0.619803 0.397425 0.148942 0.201857 0.574162
2 0.972929 0.625443 0.053302 0.184236 0.551669
28 0.570476 0.674029 0.101919 0.207022 0.498305
7 0.564306 0.406335 0.334271 0.367126 0.480598
2 0.234312 0.371821 0.219099 0.39295 0.449589
2 0.809339 0.58876 0.0923593 0.157692 0.434401
2 0.395815 0.394407 0.0313829 0.0829218 0.40538
0 0.586339 0.398691 0.0818121 0.198524 0.371612
2 0.565528 0.404556 0.334004 0.366352 0.339269
