0 0.703435 0.542123 0.333007 0.80713 0.909132
0 0.213837 0.504069 0.153047 0.411948 0.779798
0 0.842258 0.589504 0.151435 0.265976 0.769645
35 0.949274 0.763668 0.0608763 0.111264 0.764875
0 0.506649 0.470262 0.12257 0.469749 0.762543
34 0.705752 0.228385 0.205101 0.318846 0.737521
0 0.743891 0.591623 0.0878984 0.252997 0.717157
0 0.464498 0.588917 0.114037 0.236343 0.540231
0 0.1306 0.493232 0.107412 0.421551 0.534367
0 0.865621 0.101753 0.117617 0.196604 0.493113
0 0.048026 0.490646 0.0951344 0.392129 0.440751
0 0.418227 0.148413 0.0852482 0.108009 0.41052
0 0.929084 0.60478 0.0576694 0.233535 0.403594
0 0.554282 0.0934733 0.117439 0.183271 0.35289
56 0.494383 0.175161 0.0761785 0.0502466 0.303719
0 0.818547 0.554646 0.0538408 0.155592 0.302611
0 0.898517 0.603815 0.119789 0.232044 0.297314
0 0.95954 0.609827 0.0800953 0.415794 0.294105
0 0.338303 0.114462 0.110274 0.176319 0.27889
0 0.0160681 0.132407 0.0319056 0.140397 0.268764
