0 0.40974 0.66701 0.502734 0.660677 0.924761
0 0.813068 0.567558 0.372602 0.863006 0.828287
0 0.144929 0.69515 0.289456 0.604634 0.8081
2 0.149384 0.391697 0.116563 0.0506098 0.804924
2 0.777121 0.403705 0.10689 0.0681021 0.801917
2 0.888659 0.428569 0.0931905 0.103794 0.798211
9 0.507742 0.259927 0.0356228 0.0772519 0.787501
0 0.112866 0.449989 0.225733 0.220758 0.783007
0 0.668784 0.397696 0.0484192 0.0850566 0.73958
9 0.463018 0.258803 0.0495191 0.0734344 0.660758
0 0.557983 0.399466 0.033979 0.0693926 0.659656
0 0.465366 0.391557 0.0363923 0.0837003 0.62836
2 0.295561 0.377593 0.0368003 0.0331403 0.603689
0 0.624226 0.396204 0.0260479 0.0719689 0.582529
2 0.848003 0.402801 0.0424947 0.048201 0.508596
0 0.516399 0.39898 0.0296649 0.0685928 0.499583
0 0.597757 0.39506 0.0286608 0.0723969 0.412557
0 0.441525 0.390554 0.0214963 0.0559098 0.336364
9 0.420339 0.310732 0.0196486 0.0365522 0.296833
0 0.546419 0.397951 0.0400586 0.0701511 0.29065
2 0.856971 0.406741 0.0510396 0.0575497 0.283301
