0 0.504149 0.584797 0.816735 0.815923 0.874327
63 0.25614 0.67415 0.22492 0.257377 0.850496
73 0.717383 0.626755 0.142619 0.0971556 0.675836
73 0.728109 0.685741 0.159474 0.065032 0.618819
45 0.0250927 0.0560276 0.048353 0.0394633 0.45683
45 0.330974 0.074064 0.0661099 0.0399279 0.436227
45 0.204429 0.0553688 0.0953158 0.0527818 0.429464
45 0.331736 0.0659787 0.0689615 0.0432963 0.418815
57 0.495692 0.683114 0.986399 0.618991 0.415124
45 0.20529 0.0658011 0.096714 0.0445697 0.372987
73 0.727649 0.672019 0.15806 0.0937434 0.31785
57 0.375955 0.72136 0.749704 0.531505 0.312982
45 0.0255164 0.0456434 0.0499726 0.051906 0.312943
45 0.205245 0.0391172 0.0959623 0.0388651 0.279538
45 0.331471 0.0420342 0.0668221 0.0255058 0.271929
