56 0.866869 0.56593 0.165215 0.165765 0.817319
0 0.470478 0.615709 0.0944318 0.225757 0.745883
56 0.30652 0.568291 0.137362 0.101223 0.702931
14 0.0411709 0.777194 0.062938 0.058021 0.69929
56 0.557362 0.633475 0.0572804 0.167588 0.673254
25 0.192714 0.466566 0.188608 0.264066 0.631809
25 0.664521 0.51874 0.297894 0.381006 0.610058
56 0.721713 0.58228 0.218218 0.127327 0.602036
25 0.839472 0.433687 0.213514 0.187204 0.527666
0 0.5158 0.608021 0.0792547 0.239233 0.43887
56 0.278454 0.566101 0.194984 0.0994728 0.43675
25 0.664845 0.381407 0.298821 0.101165 0.400244
25 0.838403 0.480287 0.211401 0.288736 0.373869
56 0.407626 0.59426 0.0757659 0.21955 0.335744
56 0.545303 0.639955 0.0806295 0.181342 0.329092
25 0.364963 0.399192 0.307726 0.14262 0.317698
0 0.378841 0.478397 0.0482738 0.1019 0.315789
25 0.375177 0.513831 0.327646 0.375208 0.303721
56 0.617872 0.650276 0.0924421 0.114973 0.277156
25 0.839594 0.390746 0.211253 0.10368 0.271923
0 0.379657 0.51813 0.0512995 0.181539 0.256527
