0 0.500829 0.537581 0.621013 0.920076 0.837708
0 0.664112 0.284071 0.217233 0.567382 0.831301
39 0.219064 0.935392 0.101982 0.127888 0.811198
0 0.0904699 0.501038 0.180114 0.997924 0.781494
0 0.84788 0.270789 0.181068 0.382317 0.745007
0 0.854684 0.587216 0.289369 0.820838 0.68883
0 0.742739 0.203591 0.0834774 0.329649 0.628788
0 0.273794 0.417687 0.269308 0.776075 0.612041
67 0.44173 0.412293 0.0615777 0.161055 0.530026
0 0.796079 0.229782 0.0744285 0.207023 0.518818
0 0.799428 0.202034 0.0698877 0.154985 0.279615
