3 0.497182 0.470814 0.415167 0.369738 0.885173
3 0.845762 0.45696 0.306925 0.464033 0.876985
0 0.231979 0.139137 0.169707 0.20329 0.865533
0 0.416161 0.132128 0.0809352 0.197647 0.813839
0 0.348856 0.133652 0.0801743 0.196132 0.813065
0 0.517732 0.137197 0.119905 0.191617 0.804129
0 0.138823 0.145256 0.0934188 0.198263 0.769696
0 0.797161 0.184912 0.0614873 0.152404 0.730241
0 0.975821 0.198412 0.0475273 0.210646 0.659144
0 0.632433 0.162069 0.0595168 0.135603 0.632035
3 0.138209 0.689149 0.27509 0.585549 0.603544
0 0.742476 0.19529 0.0729599 0.280315 0.595666
0 0.588356 0.160999 0.0397306 0.132598 0.561037
24 0.692533 0.202341 0.0553073 0.114321 0.513279
0 0.841952 0.187075 0.0431393 0.0870765 0.462958
0 0.947696 0.193449 0.058946 0.157144 0.451646
3 0.923332 0.834908 0.152188 0.32807 0.417406
3 0.138435 0.520299 0.274782 0.913528 0.379904
0 0.0248361 0.224067 0.04941 0.363475 0.348403
0 0.912535 0.189493 0.0513721 0.138316 0.282689
0 0.876601 0.20148 0.036931 0.0981388 0.255095
