0 0.671712 0.633828 0.162213 0.45861 0.894251
56 0.789465 0.671526 0.119653 0.285513 0.849656
0 0.0685769 0.641944 0.0924966 0.426906 0.838997
0 0.681638 0.282533 0.0903812 0.210967 0.805344
0 0.105222 0.273727 0.0885686 0.243786 0.799018
0 0.463983 0.24035 0.085186 0.233068 0.757968
0 0.3299 0.333111 0.132043 0.378174 0.741758
0 0.0147161 0.31727 0.0292416 0.156224 0.52879
0 0.873019 0.11312 0.080237 0.226239 0.497485
56 0.318435 0.544519 0.104193 0.29312 0.471236
0 0.223823 0.102969 0.0535317 0.189838 0.372096
0 0.947428 0.112444 0.0601292 0.219431 0.372005
38 0.289581 0.286023 0.0528089 0.132673 0.270232
