0 0.293485 0.692971 0.408864 0.609828 0.847385
0 0.492403 0.678566 0.26831 0.574031 0.812701
0 0.458458 0.376303 0.309456 0.358685 0.669497
0 0.775634 0.217274 0.285331 0.376673 0.655509
0 0.892051 0.497539 0.21457 0.607949 0.616438
0 0.955199 0.144319 0.0883994 0.232354 0.585572
0 0.0946232 0.512699 0.188122 0.970332 0.517
0 0.538064 0.24516 0.297198 0.417292 0.440584
0 0.84895 0.529252 0.300847 0.671371 0.438507
0 0.158278 0.434435 0.313274 0.868869 0.411938
0 0.26524 0.361414 0.216329 0.373526 0.394816
35 0.792534 0.442179 0.172503 0.159165 0.372662
0 0.775068 0.298198 0.288317 0.533771 0.367321
77 0.229906 0.713629 0.231794 0.259545 0.367147
32 0.818939 0.398773 0.106362 0.0742402 0.310475
0 0.263087 0.790808 0.339168 0.417462 0.282276
0 0.820036 0.607124 0.242052 0.511909 0.274073
32 0.203179 0.606585 0.0943759 0.0482974 0.272184
32 0.183462 0.777628 0.0639867 0.029319 0.271348
