0 0.571844 0.614703 0.603304 0.668118 0.882174
0 0.816752 0.120503 0.137092 0.193616 0.709787
0 0.920207 0.190941 0.158046 0.266321 0.660987
0 0.60458 0.152406 0.202151 0.26177 0.660481
0 0.313388 0.194358 0.367492 0.388243 0.645468
13 0.427491 0.635108 0.85356 0.58701 0.64287
28 0.157627 0.353886 0.165757 0.151803 0.614349
13 0.209434 0.631142 0.417574 0.567754 0.585779
13 0.80506 0.381359 0.385306 0.340708 0.526357
24 0.255235 0.177458 0.250631 0.34129 0.525553
0 0.499153 0.0531158 0.105112 0.101151 0.397702
0 0.742381 0.105994 0.134928 0.211829 0.392091
24 0.250553 0.129898 0.23621 0.24502 0.306241
