5 0.470707 0.472026 0.467124 0.470667 0.932138
5 0.204589 0.252801 0.240411 0.300415 0.910364
2 0.766344 0.842865 0.261008 0.262747 0.894146
2 0.306223 0.708843 0.220733 0.253416 0.868979
2 0.0441792 0.392002 0.0881199 0.144128 0.843077
0 0.037107 0.180321 0.0321484 0.107742 0.760029
2 0.935163 0.899584 0.128715 0.199738 0.481424
0 0.203401 0.263509 0.0349144 0.044117 0.434046
2 0.620029 0.98581 0.185215 0.0273768 0.421153
2 0.947692 0.103197 0.102229 0.0762744 0.328941
2 0.91132 0.117463 0.0276474 0.0559338 0.30647
