0 0.840793 0.585661 0.289362 0.784629 0.902282
0 0.611222 0.514597 0.147196 0.410325 0.794341
0 0.130883 0.501551 0.260236 0.976567 0.738445
0 0.257834 0.587817 0.226846 0.568151 0.713318
0 0.346992 0.475106 0.13808 0.23167 0.693366
53 0.480335 0.594675 0.218496 0.0575512 0.5962
0 0.525692 0.476638 0.103254 0.186789 0.590322
39 0.691928 0.586624 0.0317718 0.168807 0.581978
62 0.282789 0.150546 0.0806875 0.094658 0.455367
43 0.371921 0.933509 0.123214 0.113364 0.450358
39 0.640527 0.840302 0.093297 0.314173 0.421022
41 0.51402 0.921589 0.130099 0.15341 0.407729
53 0.323863 0.896567 0.113071 0.150173 0.400637
60 0.561375 0.869171 0.654891 0.245304 0.39769
60 0.549532 0.768878 0.717105 0.446154 0.37773
40 0.508296 0.776276 0.0866215 0.145861 0.328843
0 0.484224 0.471579 0.0674513 0.188421 0.321653
53 0.52858 0.590073 0.128208 0.0392961 0.280144
56 0.708912 0.720401 0.0330524 0.0875213 0.2574
