0 0.606452 0.655293 0.179578 0.666219 0.91029
0 0.0556908 0.708933 0.111382 0.493572 0.89119
0 0.263376 0.47829 0.096151 0.27221 0.826903
39 0.147562 0.701343 0.0217025 0.103518 0.675717
0 0.489715 0.423038 0.0647507 0.140026 0.663174
0 0.743002 0.544645 0.072822 0.358556 0.648659
0 0.413583 0.416333 0.0664366 0.151311 0.613124
46 0.950981 0.633353 0.0867826 0.0808051 0.515895
45 0.479283 0.667362 0.0682821 0.0375585 0.486381
41 0.0214956 0.940749 0.0428154 0.118502 0.460975
39 0.287358 0.607795 0.0195824 0.0486943 0.438935
39 0.146881 0.683553 0.0256516 0.146349 0.358069
39 0.342501 0.599086 0.0237242 0.0695295 0.295756
71 0.293903 0.822798 0.303886 0.0975398 0.281843
71 0.101489 0.890358 0.0911872 0.116362 0.271815
