0 0.42269 0.61392 0.464136 0.357202 0.909484
2 0.784151 0.260328 0.200953 0.0706868 0.754784
0 0.815979 0.490525 0.131997 0.119324 0.698233
35 0.248904 0.563333 0.0833758 0.0364502 0.598564
35 0.516155 0.633508 0.0950649 0.0378307 0.581108
0 0.898134 0.524719 0.110557 0.082082 0.572453
0 0.633174 0.347429 0.106398 0.0993758 0.569386
0 0.281059 0.502831 0.100766 0.070687 0.56013
0 0.110296 0.492095 0.0467979 0.097959 0.370791
0 0.620761 0.254846 0.0581098 0.0913264 0.317106
2 0.517331 0.260979 0.279364 0.107828 0.281561
0 0.794851 0.412612 0.0554819 0.0676666 0.259752
0 0.726357 0.488305 0.121823 0.108072 0.256551
0 0.225917 0.257215 0.050518 0.0833081 0.253309
