74 0.705058 0.223553 0.141278 0.179976 0.827013
2 0.82989 0.632899 0.0207134 0.0226412 0.666506
2 0.870005 0.630339 0.0226604 0.0255437 0.643327
2 0.552079 0.683439 0.0382229 0.053228 0.496304
2 0.471355 0.647229 0.0425928 0.0432953 0.491099
2 0.927277 0.627621 0.0246447 0.0200137 0.483451
0 0.169372 0.69813 0.0340279 0.0885412 0.440056
2 0.992802 0.640862 0.0136961 0.0253761 0.392466
2 0.950301 0.634155 0.0280262 0.0295092 0.390046
2 0.534282 0.68034 0.0743431 0.0579969 0.348065
2 0.893219 0.626452 0.0139778 0.0138636 0.30349
