0 0.421569 0.456815 0.202498 0.301548 0.919094
0 0.110959 0.813278 0.122641 0.361085 0.904458
0 0.89719 0.59414 0.106833 0.357527 0.880044
0 0.0954876 0.243756 0.106682 0.336553 0.860227
0 0.715702 0.749305 0.174859 0.279306 0.842371
0 0.480543 0.722852 0.191376 0.305591 0.832737
0 0.606388 0.561883 0.147958 0.286042 0.821926
0 0.75817 0.391994 0.135646 0.299337 0.729001
0 0.575099 0.748472 0.142131 0.382962 0.639655
0 0.152035 0.142126 0.0952453 0.281576 0.516259
0 0.542066 0.751238 0.208775 0.377018 0.294037
0 0.576482 0.224902 0.0830429 0.173634 0.257361
0 0.632615 0.127069 0.0495176 0.0880175 0.254633
0 0.660863 0.26285 0.0627535 0.144669 0.250507
