0 0.780353 0.60445 0.274078 0.789919 0.924314
0 0.256311 0.487797 0.29947 0.476569 0.916935
0 0.465321 0.503712 0.243736 0.491906 0.914654
0 0.0723653 0.652986 0.144731 0.525343 0.855256
0 0.376781 0.857855 0.226818 0.282856 0.847231
53 0.201476 0.791338 0.196071 0.231856 0.816665
53 0.0233767 0.828513 0.0465306 0.189989 0.776768
41 0.483971 0.767444 0.039457 0.07879 0.734648
41 0.575706 0.838727 0.0358043 0.0593541 0.624996
41 0.575257 0.804904 0.0376617 0.102707 0.450704
41 0.575207 0.784114 0.0373078 0.0636161 0.429305
