0 0.471558 0.839879 0.0919315 0.283755 0.885754
9 0.109263 0.545013 0.218526 0.777217 0.861572
9 0.799439 0.413638 0.0544557 0.248304 0.818065
0 0.838056 0.59512 0.0329186 0.168377 0.75118
0 0.515226 0.667523 0.0497995 0.202237 0.739612
0 0.920268 0.515056 0.0277454 0.113384 0.733146
0 0.767554 0.951527 0.0529696 0.0941757 0.71944
0 0.945555 0.523979 0.0235825 0.105769 0.707587
0 0.808581 0.8367 0.0678341 0.321109 0.693345
0 0.970629 0.506665 0.0234066 0.0840833 0.581968
26 0.831455 0.897172 0.0388157 0.1425 0.579544
0 0.795317 0.647561 0.0358999 0.188568 0.576874
9 0.338825 0.736742 0.145111 0.45331 0.51118
0 0.89652 0.539765 0.0310928 0.0956778 0.454576
0 0.993403 0.471233 0.0124727 0.0950092 0.399007
0 0.866311 0.613357 0.0316757 0.182165 0.367628
9 0.2354 0.687985 0.0551039 0.506146 0.307436
58 0.757721 0.582584 0.0360568 0.0800716 0.298755
0 0.866703 0.585035 0.0289516 0.128035 0.259522
