0 0.811937 0.738343 0.37437 0.520443 0.920718
0 0.410784 0.534568 0.274824 0.397087 0.896742
0 0.171889 0.530998 0.343778 0.698858 0.856644
0 0.595521 0.551325 0.401599 0.753067 0.821446
25 0.884178 0.246195 0.229242 0.127105 0.726825
0 0.326921 0.446374 0.0702904 0.134307 0.672195
0 0.933683 0.458948 0.131703 0.299401 0.661416
25 0.489964 0.275295 0.313707 0.138912 0.566152
25 0.117113 0.141009 0.232784 0.182193 0.455298
25 0.118366 0.187238 0.236318 0.272809 0.419879
25 0.493722 0.304705 0.31143 0.200747 0.403548
0 0.799981 0.428671 0.055543 0.08871 0.37544
0 0.0342027 0.502082 0.0682719 0.357281 0.330302
25 0.241141 0.216922 0.477053 0.145461 0.311318
25 0.338646 0.21148 0.282549 0.0884532 0.310617
25 0.685888 0.121358 0.626296 0.242269 0.306716
0 0.799663 0.462771 0.0578757 0.158638 0.280944
