2 0.929298 0.698692 0.141243 0.428708 0.946911
2 0.142314 0.58218 0.283394 0.389688 0.90389
2 0.0504259 0.738275 0.100713 0.487469 0.893089
2 0.108585 0.702952 0.189933 0.419044 0.882881
2 0.877412 0.634122 0.24015 0.337717 0.879595
0 0.517894 0.588339 0.110237 0.444052 0.874137
2 0.80631 0.581845 0.212895 0.292613 0.778832
2 0.708399 0.567721 0.0958681 0.214784 0.734491
0 0.415406 0.492538 0.0286882 0.132199 0.708932
0 0.442356 0.488911 0.0377159 0.128448 0.688945
0 0.341038 0.493712 0.0293729 0.139893 0.676368
9 0.544362 0.176341 0.018482 0.0614838 0.660413
2 0.627575 0.541687 0.0703325 0.16121 0.66034
2 0.682693 0.543876 0.0891916 0.200165 0.640305
9 0.569668 0.178678 0.0158918 0.0586256 0.635294
2 0.286094 0.533735 0.0587756 0.142117 0.587208
0 0.93614 0.439505 0.0416941 0.0541165 0.582247
2 0.606644 0.529223 0.101151 0.143902 0.578477
9 0.246206 0.19417 0.0157698 0.0615339 0.490243
2 0.289822 0.515971 0.0678566 0.16291 0.442872
2 0.313565 0.48493 0.0436588 0.109727 0.425028
0 0.380925 0.498424 0.0298493 0.122254 0.404457
2 0.604044 0.461803 0.10095 0.0606206 0.383675
2 0.300191 0.492213 0.0656914 0.118431 0.38195
9 0.259772 0.193786 0.0164057 0.0599151 0.361105
2 0.623532 0.566829 0.0534287 0.11551 0.358953
2 0.312167 0.46287 0.0415194 0.0662095 0.308094
0 0.358483 0.491599 0.023293 0.140303 0.2813
9 0.256245 0.193151 0.0211843 0.0605387 0.278787
2 0.593903 0.528624 0.0688099 0.147745 0.274892
