5 0.582659 0.513664 0.53116 0.898114 0.932944
0 0.164519 0.661569 0.0154385 0.0602664 0.511993
0 0.695682 0.0991492 0.0721369 0.0841361 0.438937
0 0.627115 0.0689189 0.0426558 0.0803941 0.431351
0 0.367317 0.393435 0.0464914 0.114935 0.402223
2 0.299531 0.647729 0.0166933 0.0224519 0.400857
0 0.701912 0.56963 0.0628028 0.131524 0.389487
13 0.0134674 0.748397 0.0267086 0.140232 0.367978
0 0.63403 0.571794 0.0888718 0.153847 0.348972
0 0.613437 0.573428 0.120861 0.153004 0.34276
0 0.472731 0.161909 0.0436739 0.103851 0.330775
0 0.736709 0.212385 0.0397914 0.0734835 0.321879
0 0.442879 0.267779 0.0330795 0.124839 0.270405
0 0.570433 0.135937 0.0582113 0.136973 0.254469
