0 0.204326 0.576309 0.106096 0.310719 0.887278
0 0.359795 0.624953 0.0844913 0.403802 0.852017
5 0.471701 0.482852 0.942883 0.473675 0.831861
0 0.703828 0.582607 0.0677828 0.351331 0.780318
0 0.627236 0.586682 0.0639574 0.337956 0.758454
0 0.459468 0.622354 0.0675548 0.354819 0.735017
0 0.524601 0.626187 0.0942589 0.422167 0.714811
0 0.76498 0.571847 0.0583057 0.287973 0.712142
0 0.948973 0.568746 0.0903578 0.296879 0.711009
24 0.801016 0.529896 0.0417028 0.114668 0.668389
26 0.341957 0.697684 0.0682074 0.107855 0.607321
0 0.846396 0.569928 0.0506519 0.270528 0.575768
0 0.550149 0.598564 0.0536554 0.36599 0.501638
0 0.810733 0.568305 0.0600007 0.278562 0.496905
26 0.597606 0.680646 0.0316123 0.0803191 0.432275
0 0.836768 0.566119 0.065937 0.281711 0.401586
0 0.66844 0.583869 0.0383265 0.310995 0.372476
0 0.981456 0.567334 0.0364014 0.230365 0.361096
24 0.522183 0.558793 0.0643202 0.164384 0.356447
0 0.138285 0.417206 0.0334131 0.0418575 0.316327
26 0.980694 0.621083 0.0376667 0.116342 0.293282
24 0.810868 0.53254 0.058366 0.117395 0.287921
26 0.342726 0.613265 0.0748858 0.295297 0.253607
