3 0.605852 0.570173 0.446453 0.423719 0.907108
0 0.340833 0.553815 0.191068 0.631789 0.905139
0 0.163432 0.532965 0.131721 0.442838 0.895732
0 0.510953 0.427572 0.126761 0.289319 0.859819
0 0.630046 0.392832 0.0770096 0.155903 0.678043
7 0.124596 0.438457 0.248624 0.19732 0.630034
0 0.389219 0.386709 0.0417677 0.127441 0.614917
3 0.785994 0.416599 0.0871195 0.0739402 0.527253
7 0.0648107 0.452048 0.129619 0.16896 0.513462
3 0.825726 0.415372 0.0312889 0.0690141 0.366884
3 0.705936 0.421157 0.0455496 0.0611241 0.344399
