0 0.390829 0.750081 0.103925 0.278413 0.894147
25 0.768204 0.769192 0.175006 0.198833 0.875103
25 0.687201 0.538411 0.140902 0.144461 0.868192
25 0.632525 0.464248 0.122101 0.178735 0.864589
25 0.302123 0.168342 0.0809336 0.0966046 0.861426
25 0.365034 0.575538 0.107762 0.13947 0.84046
25 0.45702 0.251553 0.10573 0.134755 0.821504
25 0.221123 0.647496 0.111633 0.139831 0.81619
25 0.38617 0.246407 0.0983403 0.112925 0.794656
25 0.505042 0.134513 0.0823307 0.116396 0.794134
25 0.941407 0.164449 0.116119 0.145682 0.781179
0 0.0395078 0.716274 0.0790155 0.299599 0.765736
0 0.582262 0.260108 0.107036 0.272613 0.762413
25 0.675789 0.0736411 0.0972492 0.0912123 0.762271
0 0.491017 0.411173 0.1036 0.25664 0.755792
0 0.400426 0.378475 0.0734436 0.21926 0.717639
0 0.264619 0.808299 0.118507 0.263258 0.709408
25 0.358948 0.0862001 0.0691563 0.104672 0.699996
0 0.269017 0.442957 0.0907149 0.27204 0.691251
0 0.81504 0.182625 0.102657 0.314905 0.648373
25 0.136469 0.552537 0.113094 0.130038 0.642804
0 0.161576 0.671749 0.0847981 0.296638 0.633067
0 0.475718 0.651183 0.115058 0.228779 0.62244
0 0.781678 0.916593 0.107086 0.166813 0.604705
25 0.120444 0.291353 0.0716109 0.109257 0.597862
0 0.0515494 0.509212 0.0770482 0.223163 0.5824
25 0.17398 0.0976985 0.0812888 0.102181 0.566885
0 0.774653 0.284051 0.0841108 0.264592 0.55103
25 0.129673 0.439802 0.0959016 0.112991 0.527321
25 0.069143 0.295574 0.064775 0.0958421 0.524273
0 0.719048 0.21459 0.0669465 0.235353 0.494031
0 0.425302 0.110315 0.0871053 0.201855 0.429922
25 0.440981 0.493437 0.0994793 0.129374 0.42687
26 0.234698 0.756354 0.0540287 0.114596 0.392673
0 0.675989 0.728167 0.104464 0.262799 0.337461
0 0.977245 0.469172 0.044734 0.2776 0.336085
0 0.963681 0.272045 0.0650558 0.168197 0.325828
0 0.213538 0.379218 0.0557123 0.220145 0.310803
25 0.983997 0.206588 0.031282 0.0930622 0.30471
25 0.304728 0.0296293 0.0704407 0.0592586 0.303464
25 0.355844 0.451882 0.0659828 0.173311 0.292928
0 0.565829 0.259558 0.0707134 0.273613 0.292754
25 0.261316 0.302497 0.0806511 0.183515 0.279811
