0 0.525574 0.613696 0.0808713 0.17618 0.909366
0 0.901795 0.752384 0.195134 0.491545 0.835587
0 0.597702 0.886079 0.143321 0.226824 0.832133
0 0.716442 0.600748 0.0728891 0.205556 0.797887
0 0.218772 0.944571 0.141998 0.1097 0.774376
0 0.659867 0.637543 0.067625 0.12875 0.733296
0 0.102412 0.455768 0.0290998 0.104508 0.698021
0 0.73006 0.921389 0.173118 0.156175 0.669684
0 0.358432 0.929169 0.149466 0.140028 0.448257
0 0.439473 0.957541 0.134058 0.0839915 0.414537
0 0.394918 0.928648 0.21981 0.141778 0.387082
0 0.485826 0.910899 0.092901 0.176968 0.383262
0 0.706206 0.843989 0.0792164 0.129754 0.380683
0 0.0814081 0.909707 0.162095 0.179953 0.296253
0 0.0812564 0.954509 0.161389 0.0900795 0.28921
