33 0.53982 0.408731 0.0948746 0.118317 0.769229
0 0.833708 0.768984 0.0759954 0.160402 0.750816
0 0.950447 0.796497 0.0810733 0.139586 0.63105
0 0.50271 0.951011 0.0518161 0.0973297 0.627512
33 0.359472 0.242605 0.0748557 0.0290299 0.589492
0 0.538652 0.946044 0.0528097 0.107137 0.58585
0 0.780437 0.785754 0.0750638 0.143895 0.559732
33 0.52727 0.370485 0.0678303 0.0433995 0.502625
33 0.932115 0.587864 0.0530271 0.0319421 0.398114
33 0.457211 0.473999 0.0426651 0.0306713 0.285052
0 0.174935 0.882014 0.0530159 0.0848685 0.283951
33 0.457565 0.518535 0.0411722 0.118976 0.2666
0 0.850991 0.962846 0.122444 0.0734119 0.260269
