0 0.955614 0.106785 0.0751129 0.157555 0.675608
0 0.491749 0.778133 0.189418 0.436775 0.640419
0 0.651124 0.157051 0.33945 0.311651 0.633345
0 0.924897 0.203469 0.0909889 0.234569 0.606968
0 0.0681228 0.169896 0.0791134 0.200619 0.582718
0 0.822835 0.130065 0.110298 0.151495 0.427009
2 0.495903 0.684737 0.988558 0.625073 0.423729
25 0.880222 0.0237889 0.231428 0.0474898 0.36532
2 0.498772 0.527313 0.997545 0.945374 0.353878
0 0.0238574 0.199703 0.0474996 0.152861 0.327078
0 0.470889 0.724071 0.144295 0.323496 0.261638
