2 0.514831 0.889108 0.312641 0.221285 0.917316
0 0.68773 0.858259 0.0625092 0.283209 0.852778
0 0.87731 0.932672 0.0780115 0.133694 0.822133
0 0.811878 0.910107 0.0628223 0.178723 0.809077
0 0.261116 0.861186 0.0724675 0.234198 0.784614
0 0.972645 0.94891 0.0537216 0.101342 0.756607
6 0.534094 0.653207 0.92837 0.227367 0.725207
2 0.108466 0.860612 0.215639 0.277792 0.719756
2 0.352627 0.864504 0.115647 0.116503 0.579754
2 0.342714 0.807787 0.12223 0.130786 0.552642
0 0.636403 0.828918 0.0850468 0.234665 0.489892
2 0.579021 0.771609 0.0581316 0.0351378 0.442879
0 0.358266 0.722549 0.0273028 0.0509371 0.279964
