9 0.773161 0.224381 0.120052 0.310736 0.898075
2 0.150011 0.589429 0.21595 0.0664894 0.834239
2 0.370623 0.586389 0.195276 0.059134 0.807077
9 0.641694 0.329156 0.0332029 0.0559136 0.741028
2 0.588417 0.569461 0.117104 0.0622566 0.701656
9 0.481628 0.357091 0.0291138 0.0755231 0.56093
2 0.981435 0.562311 0.0319725 0.0239543 0.5031
2 0.806457 0.566834 0.0599421 0.0329836 0.380562
5 0.547225 0.555768 0.172856 0.0796229 0.355356
9 0.456152 0.344631 0.0264294 0.055055 0.345694
7 0.545369 0.5557 0.172241 0.0774515 0.311834
