2 0.689936 0.691743 0.217761 0.173086 0.923348
2 0.355235 0.677092 0.202148 0.200261 0.901096
2 0.881412 0.665125 0.127911 0.11633 0.872565
5 0.509048 0.582464 0.226029 0.249817 0.868594
2 0.952366 0.672858 0.0945465 0.159105 0.789419
0 0.0697052 0.614214 0.0358496 0.121572 0.744384
0 0.0385267 0.597383 0.0294043 0.123582 0.63993
2 0.778344 0.655723 0.0871647 0.0963684 0.610201
2 0.715903 0.598898 0.083213 0.0504654 0.587415
2 0.643803 0.589719 0.0595545 0.0330783 0.483939
9 0.995488 0.30754 0.00826721 0.061325 0.409859
7 0.245308 0.565655 0.174205 0.272199 0.379688
2 0.712648 0.592867 0.0754299 0.0392528 0.364042
0 0.833321 0.600345 0.0157591 0.0422979 0.283385
