0 0.830901 0.578901 0.322194 0.820235 0.927066
0 0.542405 0.22411 0.254245 0.418361 0.90588
60 0.430988 0.653408 0.741089 0.670228 0.831457
41 0.524177 0.80904 0.0791689 0.12318 0.821559
0 0.180936 0.406006 0.310466 0.633815 0.810201
0 0.0460332 0.169904 0.0918645 0.288504 0.807369
0 0.335002 0.18159 0.187006 0.358957 0.79965
41 0.67161 0.458958 0.0487803 0.0824728 0.792014
0 0.267823 0.0719813 0.116671 0.137799 0.785025
41 0.435652 0.44838 0.0432726 0.077165 0.667692
56 0.6656 0.295864 0.104387 0.274808 0.644802
41 0.549575 0.48403 0.0388226 0.108766 0.575895
56 0.40031 0.945019 0.313341 0.101758 0.53179
56 0.477338 0.197453 0.0531713 0.180714 0.522746
60 0.250694 0.194188 0.131304 0.164855 0.483121
43 0.216073 0.753249 0.0589095 0.102543 0.45018
56 0.127815 0.635598 0.255137 0.692091 0.398884
41 0.258966 0.140706 0.0262887 0.0492777 0.378238
60 0.144389 0.057923 0.174039 0.0793456 0.372856
41 0.375398 0.459252 0.0300088 0.0720723 0.358414
56 0.0475827 0.58819 0.0951654 0.589301 0.356108
56 0.971898 0.815125 0.0553854 0.357394 0.300468
41 0.328753 0.563437 0.0632391 0.0788705 0.300221
45 0.466027 0.667115 0.129401 0.129042 0.29287
41 0.203203 0.208251 0.0139335 0.0481873 0.27948
60 0.251702 0.239795 0.131494 0.266842 0.263334
