0 0.360007 0.760614 0.08823 0.455781 0.851501
0 0.799863 0.61207 0.0869081 0.365396 0.840687
28 0.935657 0.657286 0.127836 0.16352 0.835019
0 0.203912 0.785815 0.103058 0.419744 0.824972
28 0.460083 0.917474 0.0914677 0.160215 0.730907
0 0.429664 0.746897 0.0812867 0.461916 0.672405
26 0.152991 0.778876 0.0378587 0.223684 0.643574
0 0.977135 0.461042 0.0418087 0.21885 0.626432
0 0.90747 0.505891 0.0985924 0.20119 0.583955
0 0.973973 0.438999 0.0367405 0.181342 0.436752
62 0.346836 0.358608 0.131583 0.193539 0.430948
0 0.498647 0.608168 0.0441059 0.133565 0.4274
28 0.860671 0.658922 0.0369595 0.0962565 0.372978
0 0.682129 0.506991 0.0325422 0.0397486 0.274469
