0 0.566834 0.610847 0.598984 0.6648 0.903489
13 0.207805 0.630959 0.414745 0.566189 0.730021
0 0.816394 0.119961 0.137968 0.192519 0.704814
0 0.605289 0.152905 0.202677 0.26273 0.664462
0 0.920049 0.189579 0.158358 0.263589 0.64744
28 0.157774 0.354083 0.166168 0.152194 0.639085
13 0.805419 0.381001 0.384483 0.339373 0.600501
0 0.313531 0.194087 0.368047 0.387653 0.581084
24 0.254013 0.178687 0.249773 0.342905 0.572806
13 0.433417 0.63548 0.866358 0.575509 0.422098
0 0.498582 0.0543883 0.103597 0.0982688 0.366324
0 0.736949 0.107232 0.142102 0.214463 0.352172
