3 0.532187 0.624966 0.0993027 0.253355 0.801674
3 0.87382 0.55527 0.088938 0.173489 0.77621
0 0.68973 0.512008 0.0330681 0.223651 0.764301
0 0.138122 0.577217 0.0755216 0.378795 0.756552
0 0.722537 0.519786 0.0335684 0.263149 0.731219
3 0.358493 0.619716 0.130137 0.198262 0.694435
0 0.775622 0.489539 0.0339437 0.202378 0.665885
0 0.872365 0.488228 0.0603104 0.188458 0.63676
0 0.97402 0.46454 0.0353409 0.245652 0.601731
3 0.468238 0.598849 0.0751418 0.192819 0.593784
3 0.138871 0.642868 0.111452 0.270434 0.584217
3 0.214398 0.644245 0.0687471 0.200824 0.565732
0 0.927769 0.454582 0.0283321 0.204975 0.542964
0 0.537436 0.567354 0.0593389 0.284652 0.528926
0 0.746485 0.499211 0.0226995 0.212761 0.517294
3 0.811514 0.511529 0.05438 0.13386 0.507762
3 0.606598 0.578347 0.0799595 0.158265 0.502833
3 0.0538316 0.636472 0.0859498 0.30212 0.499732
3 0.101924 0.637477 0.181311 0.297291 0.41978
0 0.103321 0.532705 0.0328021 0.234413 0.403724
0 0.493639 0.490976 0.0341031 0.104393 0.380583
0 0.102647 0.48386 0.0297965 0.136834 0.359661
3 0.796814 0.512985 0.0847939 0.151401 0.319653
3 0.643222 0.566975 0.0670464 0.161121 0.29958
