63 0.256188 0.675554 0.224277 0.259427 0.852666
0 0.536451 0.589902 0.842637 0.810993 0.771572
73 0.717569 0.628092 0.142308 0.0957487 0.655119
73 0.728565 0.685269 0.159633 0.064208 0.609393
73 0.508801 0.589007 0.164319 0.240285 0.515182
45 0.331568 0.0739122 0.0650224 0.0395037 0.429954
57 0.547013 0.684452 0.898829 0.606635 0.420804
45 0.0250625 0.0559444 0.0482479 0.0388249 0.419166
45 0.205141 0.0559626 0.0944438 0.0528796 0.390569
45 0.331897 0.0657365 0.0660663 0.0514784 0.384066
45 0.205364 0.0658594 0.0968021 0.0431663 0.367374
57 0.371833 0.721886 0.741313 0.530767 0.322296
73 0.726866 0.664482 0.156962 0.10936 0.293455
45 0.0255163 0.0455134 0.0499206 0.0481604 0.279983
45 0.205313 0.0388527 0.0961065 0.0388033 0.268977
45 0.331818 0.042373 0.0663742 0.025389 0.264948
45 0.331856 0.0639617 0.0666117 0.0329317 0.262107
63 0.510997 0.588137 0.16186 0.240587 0.261664
