0 0.412977 0.660066 0.227612 0.673591 0.926488
0 0.691757 0.618073 0.412365 0.741987 0.916565
0 0.167119 0.717736 0.331138 0.552497 0.909879
2 0.956487 0.591201 0.0861454 0.250818 0.673774
0 0.31041 0.467977 0.0803556 0.197747 0.571719
0 0.0932251 0.648119 0.18645 0.653915 0.433572
0 0.570082 0.552647 0.117446 0.368588 0.372431
0 0.025701 0.503567 0.0514021 0.183383 0.320338
67 0.805996 0.473331 0.024114 0.0799232 0.268031
0 0.093033 0.528077 0.183128 0.412522 0.261396
0 0.554639 0.669504 0.142548 0.607909 0.252821
