0 0.270184 0.237958 0.247563 0.232414 0.880125
0 0.0748497 0.675241 0.148495 0.63797 0.858987
0 0.075875 0.214355 0.151391 0.276415 0.844822
0 0.67302 0.530497 0.562484 0.931323 0.798241
0 0.414704 0.245089 0.125414 0.214255 0.728552
0 0.836011 0.183567 0.16068 0.210267 0.662645
0 0.320188 0.142986 0.0803481 0.133277 0.610379
62 0.284501 0.582859 0.56426 0.466021 0.473171
0 0.505824 0.25701 0.104223 0.19388 0.431022
0 0.370346 0.176084 0.105009 0.124292 0.392641
0 0.411156 0.105984 0.0763197 0.0747177 0.368284
0 0.208799 0.102996 0.0842044 0.0755771 0.342391
0 0.138367 0.179247 0.07003 0.191965 0.31423
0 0.563577 0.113503 0.074147 0.096614 0.257587
