0 0.302994 0.53369 0.0586871 0.237138 0.862773
2 0.84364 0.542375 0.163951 0.139546 0.845205
2 0.975024 0.552136 0.0488174 0.104064 0.806551
0 0.517288 0.540031 0.0416531 0.152683 0.722298
2 0.953347 0.530033 0.0903912 0.0838649 0.642669
0 0.684207 0.539903 0.0526098 0.138796 0.591309
2 0.737023 0.550258 0.0664453 0.0922455 0.578987
2 0.624622 0.53961 0.0598698 0.0771027 0.422702
9 0.44836 0.426561 0.0507067 0.33953 0.390376
2 0.544972 0.541886 0.0267588 0.0563554 0.363951
2 0.130547 0.778962 0.25971 0.43872 0.35095
0 0.66626 0.540036 0.0251816 0.12817 0.281596
2 0.624958 0.533269 0.0596602 0.053317 0.276773
