18 0.293591 0.63223 0.191484 0.23112 0.838883
18 0.396155 0.603024 0.162618 0.244334 0.810367
2 0.751346 0.417885 0.0762476 0.0866572 0.794528
18 0.0423562 0.657958 0.0844819 0.165136 0.735656
18 0.137117 0.625366 0.140941 0.226643 0.701184
18 0.588649 0.597783 0.103792 0.240248 0.640798
18 0.659549 0.597206 0.101118 0.236695 0.634502
18 0.784785 0.561708 0.115468 0.171374 0.61974
18 0.473412 0.601597 0.0973227 0.231267 0.539442
18 0.716812 0.591601 0.116515 0.206567 0.430933
18 0.803523 0.564377 0.0771336 0.167613 0.389392
18 0.605499 0.44549 0.0352572 0.0314376 0.30033
18 0.343124 0.517786 0.0623552 0.0733515 0.291908
18 0.516112 0.563613 0.0659691 0.15201 0.287615
18 0.364629 0.52061 0.0973172 0.0756244 0.255807
