0 0.780407 0.604495 0.274166 0.789837 0.925633
0 0.256502 0.487789 0.300107 0.476152 0.919078
0 0.464446 0.504495 0.242994 0.492215 0.909302
0 0.0725163 0.653462 0.145033 0.525798 0.852956
0 0.376776 0.857995 0.227245 0.282611 0.847225
53 0.20191 0.791839 0.19446 0.23034 0.807983
53 0.022737 0.82847 0.0453272 0.189696 0.779457
41 0.483957 0.767108 0.0394268 0.0782697 0.750547
41 0.575837 0.838837 0.0355976 0.0590543 0.69559
41 0.575221 0.783862 0.037371 0.0630271 0.437633
41 0.574843 0.809894 0.0383219 0.111565 0.284982
