0 0.606837 0.485198 0.319918 0.769022 0.939092
32 0.914961 0.886936 0.0779911 0.113891 0.916184
0 0.153237 0.541706 0.30539 0.713439 0.909714
0 0.389851 0.555655 0.281146 0.784922 0.905298
0 0.319069 0.467115 0.185091 0.665301 0.830323
0 0.0700844 0.262184 0.0687937 0.251812 0.773444
0 0.0370962 0.432495 0.0741496 0.464212 0.763385
0 0.0519837 0.541366 0.103967 0.689999 0.559375
2 0.557509 0.220486 0.163706 0.16744 0.512827
0 0.301122 0.20137 0.0782714 0.153817 0.392346
2 0.244896 0.0156449 0.0546047 0.0299123 0.340789
