0 0.378031 0.582156 0.496738 0.824735 0.908142
40 0.309126 0.669391 0.0996305 0.307153 0.893947
0 0.168402 0.433197 0.228655 0.498685 0.867409
40 0.464643 0.637632 0.117934 0.240745 0.806907
40 0.0152204 0.665164 0.0303394 0.180253 0.780279
0 0.802642 0.501445 0.392483 0.991656 0.751781
0 0.055395 0.341894 0.110462 0.256666 0.751124
41 0.0353893 0.533501 0.070577 0.143016 0.630999
60 0.105593 0.774311 0.209861 0.448695 0.62637
0 0.259735 0.307175 0.064227 0.168293 0.612284
0 0.663113 0.505907 0.672864 0.987451 0.440803
41 0.0157354 0.665526 0.0311928 0.17724 0.308727
56 0.316276 0.449569 0.069554 0.0912668 0.271798
