0 0.0418744 0.855708 0.0837489 0.281137 0.891988
2 0.869649 0.817756 0.0972204 0.137776 0.840396
2 0.726554 0.818827 0.228968 0.214249 0.764605
0 0.154158 0.833574 0.049482 0.156923 0.567596
10 0.365535 0.890655 0.0379781 0.13042 0.506948
56 0.508803 0.863353 0.0418065 0.116974 0.505464
7 0.928521 0.796992 0.138847 0.144157 0.487902
0 0.274742 0.792556 0.0473224 0.0770203 0.478481
56 0.20688 0.866261 0.0640746 0.0998945 0.447291
56 0.398668 0.865682 0.0380325 0.0895663 0.393778
0 0.232128 0.791341 0.0334205 0.0599378 0.39167
0 0.20999 0.835294 0.0611467 0.152699 0.387626
0 0.207704 0.814726 0.057301 0.110364 0.383291
2 0.978495 0.789974 0.0421484 0.0969241 0.363284
2 0.972512 0.800044 0.0536028 0.11768 0.347396
2 0.927777 0.797606 0.138019 0.144814 0.342961
56 0.156153 0.866233 0.0428391 0.0990729 0.342318
56 0.573311 0.842503 0.0432698 0.0772513 0.319001
56 0.555661 0.842882 0.0448131 0.0773486 0.306549
0 0.272804 0.815755 0.0565637 0.123812 0.275644
56 0.458678 0.857923 0.0378012 0.0867872 0.267413
56 0.405991 0.866406 0.0370213 0.0837426 0.263356
