2 0.889394 0.733616 0.220329 0.527182 0.915986
0 0.52006 0.656541 0.127422 0.450887 0.867066
2 0.347787 0.469098 0.125199 0.0992257 0.859035
0 0.699775 0.517943 0.0405808 0.179321 0.839819
0 0.434209 0.666642 0.110187 0.466688 0.833818
0 0.624238 0.520709 0.0436964 0.180177 0.790097
2 0.112407 0.450655 0.0972911 0.0953913 0.754371
26 0.496447 0.580563 0.0954875 0.184822 0.725766
1 0.505065 0.786544 0.0636476 0.239574 0.716789
0 0.25077 0.430371 0.0288505 0.0920758 0.709489
0 0.215378 0.434888 0.0283285 0.0904582 0.57411
0 0.528827 0.438921 0.0321094 0.0769264 0.470912
24 0.358997 0.621994 0.0631966 0.149556 0.399512
0 0.555755 0.440459 0.0309982 0.0710919 0.379654
0 0.198443 0.387051 0.0217297 0.0567199 0.318686
9 0.142745 0.291723 0.0203367 0.0715061 0.274479
0 0.198692 0.398062 0.0204047 0.0775634 0.273164
0 0.118007 0.370864 0.0164111 0.0534986 0.257718
2 0.0101692 0.378122 0.0203137 0.0272339 0.254116
