0 0.257059 0.689021 0.22776 0.42743 0.905959
0 0.533338 0.70862 0.235276 0.427094 0.895556
0 0.756478 0.699455 0.197688 0.391584 0.85649
25 0.815687 0.39134 0.368626 0.169984 0.79613
7 0.896106 0.548972 0.204661 0.110269 0.674421
24 0.77309 0.63932 0.122982 0.139273 0.631197
0 0.634139 0.645085 0.11159 0.274999 0.573615
0 0.133876 0.564158 0.0562894 0.125493 0.558061
0 0.383001 0.568224 0.0770086 0.136399 0.490579
0 0.422202 0.551587 0.054815 0.113825 0.448243
0 0.0529059 0.55001 0.040769 0.0842501 0.351286
24 0.514386 0.658575 0.163928 0.187647 0.308326
0 0.18891 0.523873 0.0572904 0.0498677 0.290946
24 0.529033 0.67275 0.133787 0.154579 0.251082
