20 0.336097 0.391205 0.269877 0.327716 0.870379
0 0.212024 0.346277 0.176831 0.225835 0.869652
20 0.370298 0.801725 0.233558 0.119344 0.86361
0 0.759517 0.648539 0.15604 0.27764 0.789272
20 0.913412 0.903218 0.171704 0.184119 0.771835
0 0.543327 0.746218 0.215788 0.263564 0.690386
0 0.453588 0.10405 0.107713 0.206829 0.668103
20 0.393513 0.251309 0.375704 0.236197 0.628733
29 0.721583 0.565284 0.0755444 0.0712072 0.562356
20 0.393311 0.307771 0.374601 0.34204 0.468536
20 0.579017 0.769678 0.29347 0.221774 0.441763
0 0.97454 0.830524 0.0502308 0.0663902 0.352514
29 0.728575 0.55949 0.0619756 0.0585059 0.321494
0 0.975429 0.730206 0.0482136 0.266713 0.298422
0 0.761398 0.461966 0.14106 0.211801 0.281761
0 0.760267 0.497948 0.152674 0.282153 0.262369
