0 0.702978 0.540433 0.333928 0.809644 0.859439
35 0.947821 0.765801 0.0577906 0.106331 0.857074
0 0.213897 0.503976 0.152318 0.411792 0.802411
0 0.842258 0.589288 0.151814 0.266499 0.743568
0 0.743587 0.590848 0.0887683 0.253387 0.730652
34 0.702452 0.227833 0.211315 0.317403 0.674472
0 0.13148 0.492276 0.106477 0.419675 0.556152
0 0.866239 0.101729 0.116241 0.197069 0.503891
0 0.0486249 0.490843 0.0958252 0.393136 0.457611
0 0.461023 0.604754 0.108167 0.202157 0.423128
0 0.418466 0.148782 0.0852789 0.107744 0.420803
0 0.927411 0.603257 0.0599894 0.232232 0.418507
0 0.554413 0.0948299 0.117747 0.186238 0.354635
0 0.016026 0.132667 0.0318414 0.140753 0.310817
0 0.959236 0.629321 0.0807262 0.380611 0.297278
0 0.899894 0.603303 0.116167 0.231633 0.28911
56 0.494281 0.175158 0.0760704 0.0504649 0.2847
0 0.818568 0.554329 0.0538126 0.157612 0.277478
0 0.338103 0.113364 0.110255 0.178964 0.270331
