0 0.619157 0.507885 0.201441 0.776535 0.875058
55 0.707988 0.599251 0.11264 0.117756 0.872763
56 0.897837 0.543409 0.137529 0.118824 0.856677
60 0.791512 0.76892 0.414882 0.43726 0.791561
0 0.39934 0.332438 0.103657 0.287042 0.7384
0 0.725253 0.353486 0.0743587 0.39499 0.695939
0 0.319358 0.498008 0.14351 0.777632 0.672801
39 0.0319399 0.438142 0.0238437 0.125815 0.640871
68 0.43859 0.262563 0.07085 0.0772272 0.618314
0 0.394177 0.490231 0.121915 0.597171 0.614266
72 0.0685101 0.319859 0.136225 0.279858 0.376824
40 0.99179 0.609378 0.0157078 0.11519 0.284536
41 0.866115 0.58322 0.0376846 0.0745422 0.251542
