0 0.423198 0.614154 0.464286 0.356894 0.912224
2 0.783722 0.260259 0.202237 0.0698348 0.76405
0 0.815652 0.490163 0.131506 0.118566 0.707602
35 0.515999 0.633553 0.0951021 0.0379438 0.637851
35 0.239247 0.56314 0.100236 0.0359839 0.603829
0 0.897853 0.524935 0.109807 0.0824366 0.591505
0 0.633232 0.347806 0.106229 0.0995824 0.565816
0 0.28048 0.502933 0.102025 0.0712749 0.559414
0 0.109632 0.492466 0.0460918 0.0979466 0.386665
0 0.620911 0.254158 0.0576051 0.0901537 0.382875
0 0.794736 0.412609 0.0558505 0.0675562 0.295308
0 0.550413 0.258681 0.0455719 0.10574 0.273525
0 0.72619 0.489845 0.121875 0.10995 0.262658
