0 0.142619 0.698803 0.219846 0.548985 0.932333
0 0.329773 0.767531 0.313728 0.410103 0.924196
0 0.618228 0.555965 0.175689 0.680889 0.895147
35 0.456976 0.742341 0.0537699 0.0997769 0.822137
0 0.239549 0.317074 0.137164 0.20494 0.8061
0 0.0871104 0.370347 0.102109 0.147616 0.761279
0 0.390844 0.311037 0.104108 0.176273 0.727514
0 0.490543 0.30363 0.133167 0.172032 0.625788
0 0.836673 0.258153 0.132649 0.164359 0.497497
0 0.0204047 0.359023 0.040628 0.175436 0.492034
34 0.667301 0.177825 0.128272 0.196799 0.451053
0 0.127237 0.327553 0.0595328 0.163177 0.402476
34 0.678624 0.159641 0.102218 0.159305 0.326509
0 0.145482 0.330253 0.0964857 0.165514 0.258781
