2 0.790101 0.731246 0.419017 0.52072 0.951803
2 0.740279 0.444876 0.19863 0.223186 0.934643
0 0.197081 0.511628 0.151119 0.399074 0.841181
2 0.0376445 0.474012 0.0750222 0.251825 0.801632
2 0.414038 0.320742 0.0768325 0.0988697 0.796009
5 0.532216 0.269902 0.166857 0.251275 0.794617
2 0.909544 0.404901 0.16178 0.16761 0.766608
2 0.337016 0.324309 0.0572525 0.102609 0.762047
3 0.21506 0.611136 0.388427 0.321763 0.759227
2 0.69152 0.312994 0.0915946 0.103668 0.744959
2 0.0788721 0.451985 0.0947024 0.214534 0.710689
2 0.272405 0.358684 0.0759659 0.132711 0.694846
2 0.778216 0.295294 0.082209 0.102858 0.688755
2 0.291846 0.328882 0.0822359 0.11304 0.687092
2 0.102861 0.409089 0.124438 0.163005 0.668973
2 0.229397 0.360454 0.160422 0.12669 0.651496
2 0.0978198 0.449896 0.129027 0.230861 0.64286
2 0.973641 0.337743 0.0516258 0.0641672 0.519504
2 0.646086 0.166 0.0367544 0.0444307 0.517066
0 0.973136 0.406368 0.0537274 0.166159 0.513965
2 0.935421 0.316591 0.0671738 0.0447867 0.486524
2 0.621989 0.101875 0.0316534 0.0405499 0.477868
2 0.657971 0.224721 0.0467056 0.0625373 0.468286
2 0.348009 0.318298 0.0704355 0.107895 0.436929
7 0.714655 0.172205 0.0680886 0.135882 0.399521
2 0.702637 0.269252 0.0803926 0.0669375 0.372492
7 0.826264 0.253245 0.110391 0.0943809 0.356823
0 0.0973601 0.306427 0.0278836 0.0519594 0.348054
2 0.712313 0.0846773 0.0333365 0.0416244 0.324011
2 0.874807 0.325286 0.107586 0.120956 0.309127
0 0.0308835 0.314293 0.0221393 0.0601806 0.298128
2 0.411485 0.257412 0.0644892 0.025996 0.278678
