0 0.845081 0.451957 0.205879 0.898265 0.902466
0 0.47254 0.476783 0.404313 0.626265 0.901257
0 0.291694 0.278734 0.195588 0.557468 0.881378
56 0.106912 0.526238 0.213258 0.411603 0.84765
60 0.353612 0.831027 0.699195 0.316108 0.794499
56 0.685234 0.606884 0.121745 0.52499 0.735465
56 0.965664 0.790703 0.0677599 0.24542 0.545492
73 0.203389 0.929584 0.228768 0.138707 0.398792
56 0.950573 0.946253 0.0978504 0.0965581 0.389477
56 0.951235 0.829902 0.0965244 0.326285 0.29907
73 0.0692584 0.852441 0.137867 0.279145 0.268931
