0 0.242755 0.528659 0.346973 0.922099 0.925441
29 0.679819 0.302784 0.087042 0.051067 0.9035
0 0.725741 0.447242 0.185075 0.713924 0.896835
0 0.871545 0.43212 0.123027 0.441969 0.888128
0 0.504166 0.428601 0.0925707 0.201391 0.853858
0 0.0166453 0.41909 0.0331518 0.174367 0.747804
0 0.434864 0.440377 0.0745866 0.168924 0.666475
0 0.0986295 0.677971 0.10368 0.608705 0.645403
29 0.915793 0.442805 0.0413979 0.0503268 0.583331
0 0.529343 0.3768 0.0290469 0.124105 0.580897
2 0.0437629 0.365743 0.0871866 0.201518 0.567903
0 0.561338 0.351778 0.0171815 0.0651231 0.525097
0 0.58591 0.346322 0.0226152 0.0746382 0.506094
0 0.365173 0.36023 0.0333884 0.102099 0.406685
29 0.788808 0.361816 0.0640469 0.0415023 0.380135
0 0.465043 0.352244 0.0210028 0.0691658 0.379921
0 0.6221 0.338896 0.0184895 0.0779653 0.375113
0 0.0819688 0.649745 0.0701795 0.554065 0.347633
29 0.446468 0.397696 0.049151 0.067238 0.326477
0 0.136246 0.332001 0.018908 0.050445 0.325102
13 0.0523604 0.444176 0.0552377 0.0580479 0.318506
0 0.0798431 0.556694 0.064934 0.356027 0.256163
