0 0.901981 0.5922 0.195454 0.797216 0.935787
0 0.154736 0.643999 0.308274 0.68598 0.906547
0 0.633166 0.546226 0.215324 0.394646 0.891911
46 0.700518 0.893841 0.30775 0.197334 0.788518
46 0.335559 0.857892 0.169061 0.272701 0.680496
47 0.533876 0.940995 0.118679 0.116366 0.65956
0 0.370528 0.524287 0.134491 0.304897 0.486487
46 0.521694 0.71702 0.236702 0.138373 0.446614
0 0.311037 0.649808 0.255556 0.493143 0.44208
46 0.407923 0.916015 0.226244 0.158046 0.397765
39 0.771966 0.228309 0.0216035 0.105106 0.368149
39 0.753241 0.228415 0.0216163 0.10573 0.320146
46 0.526962 0.664215 0.0993845 0.082649 0.263061
39 0.710383 0.227675 0.0227793 0.10288 0.260272
