56 0.867132 0.565963 0.165013 0.166522 0.817771
14 0.0411879 0.777145 0.0627935 0.0578156 0.725529
0 0.46899 0.61635 0.0911472 0.224204 0.707682
56 0.306295 0.56876 0.138155 0.101024 0.697027
56 0.557505 0.632713 0.0575897 0.166031 0.687082
25 0.192747 0.467997 0.188603 0.266691 0.644052
0 0.514068 0.608882 0.0831893 0.241153 0.60698
25 0.664456 0.517058 0.29772 0.378331 0.606926
56 0.725255 0.58274 0.210109 0.127159 0.580649
25 0.839678 0.434062 0.212616 0.187792 0.529194
25 0.838476 0.48164 0.210587 0.291367 0.412681
25 0.664517 0.382243 0.301008 0.101553 0.386412
25 0.36382 0.398964 0.303188 0.142659 0.369334
56 0.620501 0.647486 0.0972141 0.117262 0.365361
25 0.375338 0.51366 0.327375 0.375494 0.344387
56 0.277413 0.565178 0.193805 0.101106 0.334227
0 0.378614 0.47825 0.0480179 0.101487 0.330714
56 0.411782 0.59332 0.0690373 0.219681 0.304982
56 0.544839 0.640132 0.0817717 0.182355 0.298833
0 0.379626 0.523753 0.0513118 0.193045 0.257426
25 0.839593 0.391492 0.210949 0.105073 0.256875
