0 0.785929 0.748729 0.184173 0.433349 0.92866
33 0.174259 0.0899057 0.129981 0.0889258 0.861138
2 0.323869 0.587768 0.0752011 0.0245724 0.649286
0 0.649245 0.593419 0.0217344 0.0603243 0.647529
2 0.0148683 0.576384 0.0296492 0.0359882 0.594493
33 0.957658 0.262047 0.0216161 0.0179636 0.573997
2 0.651407 0.580188 0.127143 0.0469167 0.55008
33 0.791041 0.319911 0.0140759 0.0232852 0.518643
2 0.244004 0.580318 0.0913196 0.0371339 0.489385
2 0.513199 0.57422 0.116106 0.0516722 0.489106
33 0.752646 0.486509 0.0342507 0.0231427 0.450618
0 0.703527 0.58806 0.02169 0.046944 0.410403
33 0.637395 0.464506 0.0120676 0.0171884 0.346441
33 0.0397607 0.490811 0.0257437 0.0150325 0.30106
