0 0.838285 0.585148 0.285221 0.782278 0.897981
0 0.611241 0.515256 0.147191 0.411146 0.774112
0 0.142188 0.500591 0.282273 0.978474 0.771663
0 0.346408 0.475303 0.135396 0.231279 0.699525
0 0.267051 0.580583 0.205716 0.550216 0.677763
39 0.691991 0.585376 0.0319624 0.166547 0.592885
0 0.527666 0.47693 0.0991344 0.186947 0.586267
53 0.48101 0.594405 0.221396 0.0580732 0.585643
43 0.377191 0.932906 0.112978 0.111673 0.453558
39 0.641417 0.841138 0.0957169 0.312844 0.428298
53 0.324287 0.896438 0.113126 0.150398 0.425796
62 0.282999 0.150316 0.0801986 0.0941005 0.425119
60 0.542498 0.770769 0.7321 0.44253 0.403675
0 0.48395 0.472123 0.0685284 0.188866 0.364096
60 0.559351 0.866253 0.659362 0.250919 0.36186
53 0.533253 0.590344 0.118726 0.0399545 0.341992
53 0.330947 0.88206 0.0971293 0.121014 0.335534
41 0.511109 0.918798 0.135484 0.159314 0.327727
40 0.507737 0.774294 0.087126 0.144983 0.307268
