2 0.300283 0.678913 0.599088 0.521076 0.917213
2 0.920464 0.576799 0.158012 0.350814 0.871256
0 0.829627 0.473191 0.0299915 0.158123 0.706834
0 0.860221 0.445114 0.028019 0.12787 0.668508
0 0.144782 0.38942 0.0470695 0.0891998 0.566977
0 0.903426 0.424876 0.0363316 0.103716 0.542818
6 0.452657 0.299719 0.904904 0.556696 0.489153
0 0.287068 0.522831 0.0702781 0.126047 0.440428
0 0.915595 0.423065 0.059901 0.105229 0.384128
9 0.0113915 0.120884 0.022283 0.1151 0.383832
9 0.990703 0.188461 0.0176228 0.149641 0.359345
9 0.992925 0.324902 0.0136772 0.0391683 0.291223
9 0.988029 0.19507 0.0231983 0.173952 0.257184
